"","M10_COLD","M10_DIET","M10_FAST","M10_HEAT","M10_POST","M10_PRE","M11_COLD","M11_DIET","M11_FAST","M11_HEAT","M11_POST","M11_PRE","M12_DIET","M12_FAST","M12_HEAT","M12_POST","M12_PRE","M13_COLD","M13_DIET","M13_FAST","M13_HEAT","M13_POST","M13_PRE","M14_COLD","M14_DIET","M14_FAST","M14_HEAT","M14_POST","M14_PRE","M15_COLD","M15_DIET","M15_FAST","M15_HEAT","M15_POST","M15_PRE","M16_COLD","M16_DIET","M16_FAST","M16_HEAT","M16_POST","M16_PRE","M17_COLD","M17_DIET","M17_FAST","M17_HEAT","M17_POST","M18_COLD","M18_DIET","M18_FAST","M18_HEAT","M18_POST","M18_PRE","M19_COLD","M19_DIET","M19_FAST","M19_HEAT","M19_POST","M19_PRE","M1_COLD","M1_DIET","M1_FAST","M1_HEAT","M1_POST","M1_PRE","M21_COLD","M21_DIET","M21_FAST","M21_POST","M21_PRE","M22_COLD","M22_DIET","M22_FAST","M22_HEAT","M22_POST","M22_PRE","M24_COLD","M24_DIET","M24_FAST","M24_HEAT","M24_POST","M24_PRE","M25_COLD","M25_DIET","M25_FAST","M25_HEAT","M25_POST","M25_PRE","M2_COLD","M2_DIET","M2_FAST","M2_HEAT","M2_POST","M2_PRE","M3_COLD","M3_DIET","M3_FAST","M3_HEAT","M3_POST","M3_PRE","M4_COLD","M4_DIET","M4_FAST","M4_HEAT","M4_POST","M4_PRE","M6_COLD","M6_DIET","M6_FAST","M6_HEAT","M6_POST","M6_PRE","M7_COLD","M7_DIET","M7_FAST","M7_HEAT","M7_PRE","M8_COLD","M8_DIET","M8_FAST","M8_POST","M8_PRE","M9_COLD","M9_DIET","M9_FAST","M9_HEAT","M9_POST","M9_PRE"
"bin_m1.cct123",2404.18626843685,1151.64453582286,162.966571619614,1559.93174621825,5658.05277708388,6422.28192793202,82.8696754312615,177.561928893039,82.8270242332272,97.8980981887588,77.4714333854616,127.317113511344,7842.66559783303,14112.619808427,4146.77492052858,126.310387529328,3689.37878222029,363.422469539647,234.258602198285,123.20946338656,201.700788669722,150.642001288685,277.716029027902,110.167551730011,456.9444322334,422.585539625207,145.151930081985,1229.75894113782,11753.0032950206,285.918971663765,578.842837354672,180.020685715069,224.52050885696,69.7035671311403,167.120197882757,50.4631114197138,32.81696196259,26.2487540676171,22.1994111700224,26.178861484292,66.0129280443958,98.239273999318,46.6713166902267,136.269935530631,170.372953513113,54.7271281462812,359.596548324646,193.54260424502,175.529043994719,218.960957944145,325.053454962432,463.481029631707,778.543572537816,1046.36313393906,693.641342717029,1244.10811501554,1075.15689273505,1168.55033406041,15756.8992296607,16242.8381816802,12760.3678054879,6501.84094882529,19956.2239078645,21446.8377948934,570.943767369987,204.353154098282,363.871916359304,247.554744870753,440.095401063165,450.23473418839,14367.5940794024,303.269223540308,200.906238423952,572.658895041942,187.602611025476,260.942195387417,195.726571155715,357.473455243544,5721.12204124272,558.966771435111,135.816829572255,15.2391299439794,333.227708946394,304.919675525714,8.92808465598205,21.2063911568447,36.3550847083864,5361.72795169364,4517.32841230363,18249.7740171502,17408.8860113759,3959.70073283293,4068.9416781464,15582.579531689,24411.9902783953,29055.3062213246,11209.2444561452,29104.6663241623,25562.3471635452,22956.5853141507,598.121094666605,21962.7184922066,23932.0264237146,12842.5093052268,2827.35023805974,20954.1923797684,18311.078745308,13776.4059505014,16349.9955753841,31631.0141726069,20484.6764101015,163.726563047827,14608.5284770425,144.137328096018,17167.5908412314,92.6529933527252,392.581732003631,378.500731628216,267.952815777771,538.251186788837,252.182263689392,6968.05192842897,236.273277043245,14.7042925312558,35888.3935033167,19323.3839362455,8.1974909934366
"bin_m1.mtb106",256.265503505542,196.709569563348,62.8909570330134,92.6004828051823,103.919002223554,232.743050118409,1277.93441897159,316.97205087403,208.797904369047,522.649798778606,150.529141727637,101.15865076157,6293.27041958024,13610.0631152976,3607.03528168325,7784.67064597734,924.497232295128,239.026809738841,14115.9624113316,1131.79202214782,4671.87184298227,328.242528927633,319.947679153199,163.650440621138,162.914163391999,240.263400182783,161.841950746548,399.284886383122,1972.29136254493,12773.4730698228,84.8711745297848,194.385541135895,20313.8093760661,11982.2227656996,17679.7426484847,4009.94202645043,237.662923061904,162.597762547555,1639.28700685083,437.184124816006,53.8384650944473,1151.61593781655,134.13421867958,940.13286135847,1523.82314387262,1259.63024510308,17162.2558380738,194.689404482354,421.463064385591,381.627113284015,37027.9089627784,28410.9310228296,841.503516628023,377.891841262059,123.08089137336,474.792666572187,3496.94060222814,458.211306264698,14742.2747601933,18581.3678040998,12687.9517560737,19210.2368730398,4400.44304648992,12237.9444161696,25123.0363594036,34300.5237763833,9585.27532822864,3696.12980132035,727.948351790054,37053.881740335,9633.41353173552,6575.93688225997,61540.6222361925,6496.40473860437,9097.65214028576,5295.51028687246,164.346444720491,2658.35758872747,468.358566083049,9447.06908990694,1415.12101108036,3356.94140717108,540.05529410999,967.436265203591,1397.92655032303,1753.30648431963,305.866017612787,1941.86041771414,20338.7612884365,10881.179807738,6984.70046201262,2845.96978963492,1276.20013068302,2630.97093320105,229.954086240049,871.248586080699,7966.46399053292,289.048197460442,296.480399960669,38381.0842182194,4759.18749195842,1500.29523628786,9053.56257781707,12529.1098464269,521.057294180319,11143.5795538008,2711.28423390805,793.092793728214,701.46500022938,4705.85411978293,158.400865065209,6179.99231479115,1380.09367059479,814.330510687821,3695.59567986198,592.225839098573,17171.8700436847,348.788837896174,287.254253713721,1265.9694870326,87.1639503093745,2506.36159102489,185.72163793694,118.487991429889,3343.63638139197,1996.80591324671,161.404815300325
"bin_m1.mtb147",592.879255106066,1000.53581787392,283.9703857629,221.582780555119,919.2565086691,1435.614267787,1073.90681319407,1624.39430165524,712.665599857054,530.255070366996,691.912157875473,1977.23783096824,2855.74416443841,3202.54496299263,349.477641976678,369.648532590434,595.629702971429,278.55836644735,999.022026466953,295.477563762721,540.182361899138,684.050031285728,719.021545748064,70.1167042027707,761.429716263994,974.054756615596,358.1678045923,552.719514622624,563.007061150588,1138.00041213743,815.455287414683,1380.4738892326,832.487537472214,420.272496961474,886.191663890713,612.074871058798,605.541349391658,627.378434129811,264.032318377125,839.377191355748,2233.78769205014,717.43092906015,1535.0257876014,704.665386196679,945.519007659443,1122.44205132743,690.641686315997,1416.34526657662,440.140716212796,1144.95489183621,726.267400484059,1525.70859814303,906.957315737683,409.591924449522,765.008520253407,773.555526825851,1173.35575649529,1026.37957323964,9630.59087568386,1216.9743653419,18409.7797917042,480.203604666966,1550.2270801337,12252.3443447812,359.000231333158,437.214068860534,235.165222381277,616.907006666595,830.291836293286,473.257744925919,600.478118835407,211.372143478341,896.440249014139,796.941276143153,1089.59509560764,784.589109228842,1516.72853679795,1077.74509005547,495.281102841882,1550.86692883072,1079.76292886086,812.916728884896,1499.36562363919,1726.47626145168,215.004578731465,849.563212108848,376.384277705337,174.849938431158,1000.73319084254,1701.91648242934,581.562663063794,789.276582481229,3039.74675115548,519.448526222545,1333.50893200587,1374.01508791313,117.810314413768,680.443845216212,1329.37787214198,1758.93598723266,812.915568438579,713.840146818438,761.229238455484,497.67555515097,513.312647798503,1325.47735194731,1497.56602267828,1422.97277862102,1277.8947727614,840.439842062712,1358.65918858828,189.304994367534,167.219778733296,333.470163603461,342.541734903866,341.106949008678,1336.4685112084,786.392858787642,638.391539546316,2327.68188775552,2104.5057222079,537.567008247482,713.852719638121,3.28302881287239,766.418975925404,769.032915380989,2.34926297451367
"bin_m1.mtb2",25.2243822944744,15.562238619057,11.3113149729288,14.5374366265684,22.8276493975022,10.0470277616025,324.664892495512,32.8392995712262,1000.514985224,110.044899833756,1289.17453746793,36.4534457657359,10.709369937434,17.121845597153,7.02356777324801,8.95485711015074,52.7796327769823,7.27547555081062,8.76676669237567,9.42718064454228,18.5081244386527,12.6385277385399,17.2666907397386,1.57276877231477,12.9944199695527,4.24547858552791,3.35157620392118,6.56347096924241,9.28400485958293,43.2127699833958,20.6839535645617,11.0562568049711,18.0631504017339,11.6658912563446,27.9451491747737,649.183791241019,657.957063188524,3836.14718336645,2.59259949971709,15.9168522722128,13.0614449475613,26.0861067962879,196.733329073586,1860.15931150029,969.53076936972,15.0415173675613,22.4791323844394,21.3124224165865,20.7685223731956,12.9859448244636,86.9166755422162,23.550642831653,12.8025529841451,6.95115357089441,10.6156769828415,8.41403466839526,18.1502080656588,24.2993936707368,1751.12244937963,25.0923511371577,16589.5097184822,49.6931021858913,612.792204933257,2631.02660283915,7.16684675881141,6.72926200992566,19.6071070691895,7.98721809576304,14.4505988682941,6.96652743650884,17.7642289476306,9.60941731818202,12.5608179334583,16.792417892095,49.6472704518985,14.2188727847487,10.6250160918805,11.970734930109,19.1305414187306,28.1258590315062,15.3722424063406,9.11244701817183,19.1761204310468,14.5506423826335,2.53283310816463,6.97654634575878,24.1339991554102,7.00044101321083,16.0992012293195,152.42084082376,10.0337656742805,9.36880831842763,18.7777957474635,13.5749183884763,18.7615530349679,36.072123172759,6.19218365641368,14.0827358728661,14.6186218439465,7.29556564081667,16.608131289238,15.404710358237,9.3525314018157,8.8732924160851,5.28134433805964,10.9744028654418,122.382327609148,691.51248893311,19.5035520069242,20.5940429398066,19.1757684795368,77.6345860756775,11.9849509361446,20.3505326171897,137.58809618974,252.243192192156,12.1658637820408,15.3739262722038,16.1740322404571,29.3978238407192,495.68248846573,7.21166044795498,9.39641859486813,1.46419704304128,17.1388832832358,9.48400322548774,14.4520767740784
"bin_m1.vmb35",55433.1032269624,2986.78324192703,42568.9836748402,22233.3272014772,28273.0165864562,17829.4989256347,68.0581892499352,122.209592274445,758.479922169197,1133.65305901415,311.998479552128,627.888937998229,1139.82006954004,5586.88997479867,2733.68144399656,94.0879146758758,1643.95033444279,1107.04458391549,193.329823750852,3154.14182700728,853.143080967219,117.852834005942,1109.87391226968,69.8178986766053,217.938015395031,865.251796042837,88.2569004327392,604.519365391133,87.9050434954032,184.693604317329,347.139002876035,1723.48759016298,495.860392687214,1223.46293199971,273.178199719245,1053.37160803056,891.500400307338,1605.22071737028,1256.20426499681,63.9937499985558,125.50085240102,1277.51480780703,81.4296440255317,2062.75741892509,1821.96905371497,1091.9412190242,933.905360206579,107.28692321025,1029.27333599329,649.075071054391,84.6459829618704,30.890662317037,98.7135537457217,777.694179450977,149.089135299724,617.733708810259,140.932585679729,682.681131397619,36414.6628808179,23776.9530027438,63112.3846508935,59333.058271913,21624.4950928837,3418.41451030111,1082.74787061886,857.667568839169,2978.53585729863,216.096612712865,293.705356607373,74.1916122159877,19280.3889397584,152.446541994247,123.011066195265,244.160961927388,101.090665782761,50.3135725817758,6.05484104001856,46.9561806738041,1275.39901879565,29.4828739113917,99.8125359511634,47.7907104259887,1117.86448213258,1010.62630887667,59.8243604024413,130.896380996245,176.831460398104,107978.507904634,14192.881058874,68907.0499038132,66976.0194747439,118929.355149474,96698.0659513609,47248.6838197649,6278.66928769675,97419.6736830156,75881.7599657602,35265.6402357296,30226.6844253661,30937.5066524754,122.150146486132,59955.4724497823,28779.7263019731,34532.9275322895,142884.55159103,255.203805203192,73.0751568113727,544.924675422423,118.930741833883,150.187280337787,171.566396212428,1776.32459014282,453.073218660463,2573.71287245462,589.521119575927,459.511476573867,100.568738280398,110.545386582067,101.049029844331,1221.32677064865,124.878899094473,99.6879282928796,53.5406085466933,7.94849950805559,324.558373942637,930.708653773118,122.695906836541
"bin_m1.vmb46",116.720941431685,326.188437263311,68.3134873618717,60.9436177773029,903.613378831873,101.594146204663,9096.43095695908,504.477064289167,245.528526816474,1163.45005185743,303.3439992648,375.612516999736,814.65665402925,5364.5542538115,298.777840711206,160.659729610545,548.886754709106,2192.03500219694,12251.8365733359,5710.45484100776,287.774309334104,333.004747462747,325.595287481678,2905.0674984635,3516.04060849391,4875.79973380957,230.146674643453,288.113355464288,183.654030681923,4106.61470290194,686.142156958546,18848.4568823305,190.603358315034,135.359788547486,262.894827976812,10152.4522462021,7016.9231724337,9868.16136978166,186.072969532695,9287.66314878094,1246.22292299508,3329.02200760032,325.909359315341,222.083420552473,7387.94453044592,12969.090116916,2836.47849948549,2608.35249758543,345.860149396726,2860.74218974826,9033.4536421713,7237.33482575925,269.997243810925,1498.25372033719,9771.01564159648,421.497130632574,172.688276921779,422.586545455595,1773.47025209316,6343.38702812918,34396.524724882,5902.35702439769,22315.6428038692,11441.9731260629,1893.24759874723,5836.90518214504,5602.5578709769,341.745496461742,570.316732238832,8414.71408351967,4933.0273823864,2674.8776318357,399.791921249762,806.463206678305,233.312607352222,4153.61925000465,20480.1244389065,2202.4614367856,383.16683126183,557.516735634522,351.353367376991,10529.1317190564,3662.24416473953,307.666630497878,61.2527164855967,248.008519482934,301.704091607467,5337.9466332079,9031.92124268654,9996.57273877569,29187.1364855879,251.55694124111,383.172900439553,805.102445980889,564.590481332301,503.867936523407,218.235146694533,3513.04173288546,175.340441186084,6505.50050660381,316.726210729997,6690.45857459504,1535.80191064034,5908.05356631464,1671.57058172062,14233.5648420929,10359.033317345,13305.9266818224,29726.3139693188,731.425158310261,605.927080516273,1506.81871919302,80.3703151563131,665.43592724867,274.056174606681,78.5956660454368,545.652161368935,718.056075308373,16886.4702253632,653.991848664432,437.754419864168,9425.92852093065,268.532150853404,18.0991253920221,5339.58714531867,19631.3821983759,10.6775696849895
"bin_m10.cct0",287.561864350151,234.72933336586,382.250137198478,688.237328156893,263.932204372817,279.963407269186,781.252071216366,193.563597805259,200.865269463699,860.382281865735,1039.45338278454,582.390664283636,13.8195429014756,45.6324149205686,15.1674489798229,121.553666168568,3.52469860615622,12.3895972402134,25.3244903337821,25.9102703785394,20.4137154930077,13.6464992467591,15.2673442586003,120.815025505961,141.510390487283,127.353853060394,97.8389348652301,273.758104740449,30.639484946417,171.771758879141,160.330935524923,129.880482187509,115.760259959062,218.255201623767,150.854183314055,109.764946287642,183.715724983194,179.913565716426,259.47838562351,97.0047918392997,574.170306078153,217.243735793837,36.1145154611231,41.1417389299158,150.706705947454,93.7046222276518,122.756968963871,172.944992792776,259.241613505684,42.9570047215386,18.2081933210593,36.3738703400241,196.143299436852,896.068971459746,1343.91393600544,500.32869236842,462.837210615319,341.574631847693,146.077409407787,398.519078749998,389.774847050662,157.74151052448,37.9908314785112,213.210777370142,328.58566554656,27.0780622463431,224.896895736004,154.086236515779,102.857637187176,423.326141971142,359.481306183949,1009.49909651091,765.061781277524,199.249211196609,34.3913267183941,54.7473682417725,153.780190966801,42.4869127384514,10.9752645192921,244.566340545744,34.1023193393492,46.3133285322121,7.6060984636409,19.5483887441473,28.0047242506505,85.1684881336686,31.2246162534852,8.95852240739855,16.1703952036877,36.3492418459179,29.3762168374759,78.6158261899414,145.301337059867,180.286046103257,257.081883800886,79.4975082220666,66.1824959239561,101.396527324069,88.0457267993716,1034.5672015548,305.646481943075,620.198886599207,516.123221170502,389.322030035631,134.923701184952,740.919500088345,141.013889533285,594.727634893602,108.9275839803,165.878496229005,269.211938871461,71.5989579835526,55.8904860925898,17.5485968912815,169.649248297094,1.24864441558549,779.778843997289,411.694304538059,76.3447520920669,38.9444744233455,179.229972691606,43.0129009945346,24.9743245522708,0,105.042307022645,308.632791033781,46.6764500543543
"bin_m10.cct151",1095.96093650331,1387.5470635845,4922.783300623,2112.50077475694,960.988334924,953.325147785959,199.662034437148,165.407887688718,219.697493843378,536.061852886395,307.384668010973,116.814601860792,17.5331240046893,36.1603505011248,31.264438782634,9.00448227333847,39.1987493979299,55.4679938412177,12.0942295164778,26.1840167559758,46.2636149325714,15.3432695671965,32.2406048038875,147.656658845441,143.029617540948,126.102265537267,129.609482215541,230.756294016801,17.2994489056134,121.221720760515,158.382919130914,131.416509961592,117.357461722494,211.138201768479,94.3843663708051,90.2202556322695,157.363810598026,192.439697687272,287.576227412432,97.1417042558357,662.151041254858,8.33672646209065,0,12.0063593687181,5.51425526761099,4.61421676216908,26.6109873321406,25.8734442043032,24.8898999282321,25.4360253950324,5.40444911022179,1.72158818607959,252.822998891729,304.397902249171,110.464399214569,518.396156604227,112.422609105466,372.379642459234,28.6269684401541,12.0344915159315,30.6641748484821,24.4750971475824,7.83899300870841,11.4337445780993,366.764045106102,24.3107990940264,260.404169149196,154.067310251527,34.4930294155681,81.7824082094436,433.811371420301,31.1945479666202,25.5107873289714,117.507709961709,29.2434773338476,6.6391617572794,0.145749728719444,7.19707930347117,31.7810643466515,3.49390784545457,8.24763436535888,14.1251028365848,25.2199536506786,40.8374962571434,70.2712304306743,42.1462470608847,44.3139879539004,86.9793867844327,322.661895844962,2590.76386482263,1100.91382060829,1959.23828972132,1525.39124855948,323.618241651169,404.602221263729,4751.83807727188,1041.19455859032,252.444915493634,199.61438425243,689.851967326068,163.788374709997,3578.5906212136,252.349211888199,485.748455983514,989.29139652147,141.898074031124,23.2224324224902,348.122180505048,29.5822113571302,70.3067592097107,128.932781229303,31.7470257439493,2.537759706711,12.7993399082287,8.23870025644234,1846.59334080429,6.56420084460144,10.4112467846531,20.0169539785164,34.4645546732481,21.1864083756457,37.9383813104115,26.5195913288797,0.197505159493539,105.050896690772,319.969889122545,35.3786694646552
"bin_m10.cct54_sub",2909.09551095714,622.137306181531,1812.12019614639,3126.6834191094,2192.84219111048,5193.83901413604,232.740198319593,224.932650777299,258.330492603172,530.463371820951,305.476012029687,213.312678084292,110.9743484434,137.872614801175,98.6243420061829,59.0794118590811,77.4592019357372,34.2484634150177,72.0494221324071,73.0071875609114,51.517920777751,71.4947078000578,50.0369536754507,102.220544272965,135.372795887046,166.033251039021,120.905927740008,231.866318663654,139.518202182155,147.968467241166,153.613505649685,154.004371968507,120.648074712424,197.097271316453,126.879083633582,182.772604454709,194.352944636927,469.125612156577,253.868281479381,158.472159956609,538.907263661963,73.5639100647193,47.545804204262,100.135457214693,69.0657837203168,131.20432434338,134.605572407765,86.5872622182722,182.241935745636,148.738380710242,86.6511721310539,107.123193616528,210.090015317031,265.864259690856,111.301444330062,429.275281424054,95.2950241093603,289.922552551874,80.4376750045229,76.061705033721,179.92492189012,106.853995271709,73.0913872417736,68.1770311864194,425.547585592743,103.503979766043,220.085123939814,186.997606674132,174.654549826645,165.417854024643,234.324739719616,69.0277792351555,36.5116594763213,96.7375202019215,126.90816848585,335.180481194215,23.8905583147052,448.367419420672,85.2791864841431,13.1559501318611,20.8810671652196,77.0009264498641,187.93908833273,218.191226294553,257.428845477742,307.8870806501,26.1612385682586,440.631848841405,123.504670241905,835.326267201298,209.011439348397,1193.246180696,1989.58104945908,275.510647523729,399.772088881793,419.084553564708,161.024671110293,176.938675025896,121.81889432828,468.314116369523,136.882323762786,336.290970641721,234.108655711816,217.420245695195,121.863228727033,144.005014002472,76.0766860771561,449.387708264609,73.8813580862543,88.3312848085906,125.775130280264,73.690692428734,9.61666645145204,77.3832085434213,54.4534707197681,77.4798511374338,23.4794343464425,17.3430783718775,30.5729039886398,40.9332822742341,39.5248801467501,118.946805223061,42.2735408313981,16.7091854157161,234.458992371123,355.419415264434,178.477667346843
"bin_m10.cct7_sub",3134.48105441219,1513.58548004509,2960.86507054498,7740.51421872702,474.20121879435,658.850342731312,403.077675657319,1290.48813396101,11844.2025673778,1528.46576062606,6070.36878755854,2502.82314882816,4.85786334996056,3.44672400118557,0,0,37.6220436214202,13.9080657409594,32.6010425173717,23.949783140617,44.3122477612073,33.2715622320689,58.1477156968047,46.3405544649981,62.6278078903597,52.0837580539263,35.2927741430642,151.839623439162,6.99552384272792,94.3739102347841,78.5663914401751,74.8067671769888,60.9508287824861,122.653930927489,54.8703156727916,690.051126264097,1900.98169974761,1565.46127892389,818.575771172635,222.336702705535,321.999186525931,178.576871480062,366.418786501024,7815.617694549,3.58726449723757,0.393027828557833,245.949909874521,10.7076742457166,6754.36451410407,30.5841233759002,6525.31214177718,2005.11282827544,123.485945729323,170.927178615035,60.273936571171,295.622258893468,54.8986126011363,254.165966307679,31.0984833964802,291.82963936689,416.191651067415,1401.41158418568,81.2574931078123,471.892465961225,221.49288958229,8.37370311348034,134.346616510441,53.0521198316267,27.1425148360029,146.170017398496,97.980329444042,24.9765160961715,14.5897882776061,82.8682960693026,9.52909747172595,5.53726336360439,0,6.27962593104176,31.8076521759905,9.53681134301185,10.6329594141097,9.00759491980006,57.1390858745393,36.6894442004749,0,1.21095233494415,13.2622589411254,5.46044869082326,1270.80171182386,409.581203964892,0.637451453785073,651.393768258577,386.87861189484,48.1206482406729,168.435072003351,615.475028777045,26.6968133674079,4133.18997824517,1454.85168320799,332.410583264413,116.259148217508,1821.48976877695,2427.78765549587,831.953665866457,803.217949402949,1851.57328773335,923.409209181096,2068.19393085463,12.8725911480542,104.638466365332,81.725742179011,22.8845464090171,9.36934536543003,7.9442156600228,87.7756642138089,7.72789663269845,41.1571906977095,23.3813663999961,111.272222456903,57.7808013841112,11.6280728178567,85.1893724917582,0.78064051307377,0,77.9285687413616,174.275965468372,0
"bin_m10.mtb109",745.840482899215,1175.12074695553,4197.05546671422,270.857167941473,257.41048652177,10508.427145799,88.3700364332054,109.080675029394,283.286869224229,425.065568706094,921.677845924803,468.012463451856,174.464516536581,233.254685591655,181.141280175562,2640.41696618878,300.808548646049,704.09931495533,329.010504666105,1181.6078360724,1016.88853483746,670.187584591314,834.909166355311,449.065057412848,155.451665757782,379.405311511078,678.004375633426,441.853908417653,2320.04568230046,52.2453526514073,542.617815807675,458.017222724819,466.274938805,1322.55788821388,106.617708878824,527.28211352729,693.473828054675,706.155118582533,614.620040345487,128.381396508519,183.670454201629,1831.82769569122,107.790815377068,3178.03354884318,2141.62298315828,822.191240710016,2761.34472849202,3516.73866922031,6359.77634866291,8103.95863343789,3429.88962534482,2081.8346692788,1796.86083483994,19185.0526953905,20981.1926999262,37597.4479694476,12208.6277636687,1174.95799484016,3098.83508018707,1556.10414516725,1150.15766644234,4528.24770646441,773.989446604648,796.283575816673,795.834562417488,597.061628901928,1501.12348412116,255.637067660538,344.951793859881,5280.63440447446,461.583809120369,115957.888666725,148.346163405266,158.10744620742,604.411815129753,2919.63733968931,12.1760731984579,5049.84054303104,188.558180411749,367.38594227649,1730.6649654275,2630.69834897378,2255.60194905787,6246.23696518874,9526.14373198943,3013.97729655384,1328.81914845379,467.265922898389,1155.58372473782,639.819899752202,511.928961156883,2976.26614834035,497.685477675405,1106.14827891754,5086.35343711382,17583.5381898535,5103.28229959272,1234.00625531071,455.267686288177,290.921753123656,85.6092128783614,467.188980660681,4755.38996537695,267.159497256675,375.493641237698,317.320230005549,185.393640671914,373.016011190182,125.273224372502,133.630876371746,86.6752156866147,3205.3651330062,2392.01093843038,1995.74704489307,4691.76507776161,311.041675885222,497.083402399343,250.774765521245,646.407032577055,206.722770769768,683.369554234798,1836.25489418651,604.75407181008,4.42261927346832,5973.48569710601,2680.93559383635,288.530120546707
"bin_m10.mtb12",1973.46249137915,4395.05357604387,1993.97573497335,5916.82613345787,2988.28139225993,1826.46266524311,91.9291009996217,70.8749525362931,143.399643629704,242.556031212227,156.19644410491,130.10306577485,56.764168440302,126.76938701396,112.478470223735,93.1150251370018,160.058412979097,117.415953604667,57.6641113029509,160.387530938452,144.259604098477,85.4033018961133,119.388892886415,236.597983241522,70.3536431867919,121.95390440247,189.675872257624,161.743626469627,135.363548595602,46.2199432342028,65.8633361409439,62.6703109731707,59.5412314945986,149.893423215735,35.4789541799802,72.2316006414148,66.9917710020177,97.8622303974476,153.916844799255,35.6557563896204,204.164271501731,91.3668647827708,12.8625811371317,81.5665823953975,45.4784902414561,46.7021766247017,120.878543687838,30.0570766775663,137.576057695488,182.156470943714,59.7855149141218,9.0150447695441,73.3645036370903,193.450848603058,162.630700638508,238.867930478144,39.6318583787052,131.986990327622,1052.84515888579,2386.99138137587,1276.67507300467,1584.89658122867,728.613558400249,1625.97519636007,169.365517486722,84.482746333957,171.853685453201,131.640602846341,67.7220470584762,134.080884359209,3185.84724702299,141.390391161404,13.983613020864,28.1020583737518,195.643040779942,437.14737863186,25.050381869541,569.711559413282,93.9256935807791,21.2156700937641,107.035879453706,132.570928918015,267.513302225457,329.010815833483,424.860417867208,434.308384462353,118.522650274966,2399.58784422905,742.780475438629,3016.51538332503,1459.15225722282,2126.73209302598,1708.71864556267,2082.89497094891,658.889499717031,4083.89369264749,4649.73297853545,1235.71040446885,64.0136823809736,165.331644932917,49.0678112530771,3158.47034530859,122.770277426289,122.032790002623,141.717030048749,95.3617997969634,25.9068473298501,144.504340953824,21.7154634141243,25.178705996037,46.3854863833948,177.709988990282,20.1663195367329,94.5600872748134,80.9641481938289,119.597488276172,58.8164334743867,45.5056901481816,178.160163474871,63.1297851885211,97.283003409635,182.645619276515,115.156926640572,0,117.885370992572,215.082188135451,340.171433606455
"bin_m10.mtb135",27978.9332487947,24967.9607438384,26045.1334094913,47504.3995569189,8772.5525851489,19158.1245632883,239.859648954079,258.662945000378,531.802888561864,1016.73070431196,528.327995603565,672.419701326151,538.773735361267,1011.75416898331,1108.54805980752,591.932163436378,1642.51096851634,2442.68653266673,690.143954959377,1146.39856627233,1730.16302741184,1166.22106351313,1407.34296672706,2213.47568311672,305.321014866136,770.074620455669,1720.189434534,864.519013173089,1821.48312106523,92.0331918591045,267.13317761416,321.854805278766,300.326998337836,970.440603215534,127.884023209656,360.63408890966,743.864248676872,633.604167504894,1356.67908787676,52.4741179632031,296.535069465695,782.671302837008,32.6574800790103,733.685833282173,233.789956713954,352.517143832177,836.300523920316,176.618617980581,708.719292800899,1113.94118674008,516.453540860151,73.2162316592062,44.6961368679802,1300.77387489578,4123.19250259636,510.572683179036,76.5544236547603,105.361256627222,1289.53857948444,416.766840092632,639.514475997103,1083.55401455765,342.6924320043,935.562521044971,707.307661689112,613.404194979288,1271.60695088507,753.533474304963,651.313226265844,742.822721135436,5965.96063247079,3766.37929938586,22.6583358978619,27.9642267090285,1130.06802270332,1668.76548327205,64.0204285355006,2007.43760245891,637.32778258885,85.7520459924014,1410.27152932437,990.6088451847,958.6357506658,1731.6283697853,2476.87863846744,2030.57427769221,1040.5257538823,1670.86291503092,478.260384299708,1014.1513963478,660.390192378607,1408.25444539638,896.908341286404,3393.27593643785,1125.1557858832,1998.93258078155,8468.20504190926,1683.85902180572,505.670198066662,2064.27603742684,25.4613191667671,2850.33479749082,1321.66671087938,5826.11851930264,3076.71103209445,288.931644130713,59.8412499715702,272.371142039538,36.4358865487727,44.3366535550222,64.4337288664741,12018.2222666205,433.708331780188,2441.20682880162,1625.47440971702,3986.21412077123,2248.99662545928,478.914147640539,5165.01883044644,430.666197604816,6206.12229667253,1435.01180733744,903.518637935694,2.2794701415739,4855.73080735614,3931.84031464783,2287.94504101296
"bin_m10.mtb158",1898.28241896503,3420.69058613021,6639.07676758821,46.4668595006003,34.1299765697267,31.6133205534526,743.459588346728,179.762195294691,3481.82409889054,117.089072331239,79.0833572082289,39.6948044318287,10.8919414266318,25.4345752731307,20.8346376690797,55.4149617969157,77.5941700369522,15.4026571626685,35.275599298468,18.9664820908465,69.1968513503166,36.7015160178761,86.4770742677001,17.5874990203112,23.7365356644791,79.4309671378972,17.758387114829,120.876786628912,29.5287853869536,28.1805999518925,27.088480573708,16.855508461501,34.4023861252453,80.6770788057558,30.5252873403771,1649.68228318814,2231.389684825,6047.96290376285,94.5887259358161,32.86326320038,96.4643533445865,1298.25569416893,518.857424893976,1461.57322042433,639.035595211708,554.7452132606,1673.75140816176,411.54687764045,2641.39152599518,984.620536896912,4756.23604234873,426.705774848324,51.4770028018898,239.298541117563,33.6211507000806,190.150487523378,39.3116543193485,187.543768910594,19.480665912759,36.8541061599527,926.40608906189,22.8157431004358,31.5938473394072,789.838106972259,221.806239296145,28.138107736251,115.923167410712,126.446866642022,23.7382090090063,63.8020189576025,32.9928781275776,16.6184596847639,73.4845212194778,27.3466507624299,51.0990025820953,8.19667333658333,9.61564153207756,8.22333654643558,106.266145969866,15.3180390707473,9.54607964321086,39.787030105632,105.534496762039,81.5624403165976,18.6015211891439,20.30614715009,141.920170569126,285.745494900438,799.351477346721,8608.30396100067,1347.03091874048,233.448890544122,2864.30313157508,84.1042882986571,123.024794842038,19.3237488005732,52.3921222014032,2328.12731446495,10770.0648399275,168.006298407967,23.6247208723849,3207.00879460156,1231.9549469386,5264.09739253456,937.116666164855,45.8279419922064,38.7983815169607,182.992845204835,19.2173771170936,94.8794193032296,80.6952732374904,1200.66598085832,10.117316490407,9.53172729468039,1020.93928364294,64.4550277017839,60.5574930982363,35.2692142381205,38.5231972507729,129.998136545521,21.7532420874703,38.422224397364,20.3126264618202,1.14299440236422,28.5777707249435,259.671990176723,48.1352856053633
"bin_m10.mtb180",7006.2238752755,7550.29275676129,888.601138887743,1015.44357140593,541.324929815626,1677.05477597052,4041.65940566642,1858.38925095552,1609.59500952362,4842.45653369116,2043.31281053484,4820.1798023503,16.4172354354638,22.3829404989969,11.6554311544832,23.4503051781434,21.6506708286795,1.42147973183676,6.88732444860859,7.48665884817647,16.1235697644222,8.78504836503316,16.5510801658889,6.27870037607957,11.1074468081894,12.6742230105889,8.02796055304982,44.0937489979363,35.5317793474888,14.5600187341341,18.4103522556671,11.8923241880829,17.9983255514906,44.0087660221195,28.345837805589,16.2803161987372,121.580777292911,1991.80920062398,29.7362204631664,16.1105727037617,23.7555200746155,127.970244095656,220.601958969938,746.669202661292,57.2150347937838,43.936245341253,65.1735275159856,43.079494300624,209.640218472329,72.9011351761589,30.9171087100336,34.3671486617365,100.054323353204,50.9292683596996,29.0979979008433,57.300479310403,42.5730929288167,55.9709471407684,430.084629968752,773.324739006386,32.5386100635152,164.969810834664,469.06702123863,822.097150405496,33.3492894137332,12.7518599378045,20.2893862340441,45.3156728697887,20.9312099561969,103.532355342869,486.740945523312,27.3766746787742,61.3531994678798,76.1012660532684,129.867426587732,5.80478602198937,0.405980129398041,6.68239365425177,84.3634760581418,11.7965366128681,6.10029747784509,7.66007246734808,23.9310419555062,22.3975304948187,4.72024122343366,8.05113012617672,55.1262518450452,201.069997146521,31.0419182172011,276.643622459493,473.835669231557,1007.25783542986,937.784818718477,231.795223022547,12.9236790045316,8.62111086432797,220.12539098372,1487.77564969388,3531.62642176349,121.524907171168,159.471117785084,1353.68479905112,217.559624525751,224.301601406732,123.834779517369,44.2149110464981,126.276703311936,90.6275778619253,21.1699822407546,60.4955350896512,25.0509270637122,12.4574134639056,115.038658486741,5.066829841414,276.040924929703,4.34500171299094,29.6672102600707,26.5637936324278,36.3534149320837,61.8881055248622,45.2122668178617,18.8545617478654,8.69050320539226,0,28.3342120732769,31.5617652223812,14.3461364405358
"bin_m10.mtb18_sub",336.014130325367,1086.58202125094,523.074747589522,2447.71500989872,2710.61045388554,172.088969309692,3906.14078935192,3287.67779382512,4412.21562499555,295.775823428026,464.349622489,111.13249525745,270.913815774721,141.050202106953,77.1812824063327,419.053885343454,83.9976051689841,82.3642721001001,178.911795469015,93.5039852543788,125.622723942551,90.4160024740609,122.205635904099,106.607883153347,582.251365121434,212.23283144744,149.481491931847,284.615363076205,217.890126056669,232.013138495195,363.255902569092,232.976911501942,194.711816610032,165.682912559333,109.219754876394,3270.14529483894,260.609409972132,293.628198078168,3256.95822349206,3443.24629578995,9886.77923649664,2153.33719103665,4707.92213972527,3593.04830885513,1165.382724017,384.878054232078,3059.05667219162,4117.83142517425,2790.62887143048,4117.70552216223,9654.80670958654,10895.7911130157,6065.97272516682,21394.6293483321,723.734726578017,4869.76905866999,30317.0889498888,2439.46318141883,222.425432809361,150.339024082473,93.8124396642446,288.579677603593,447.771585423941,946.183360152904,416.156814632591,160.273581197769,331.876982846348,278.95570998817,175.375612736829,1987.1095763468,924.072202701433,2179.85773782,13259.1300142136,1501.96572598718,6679.43021243609,234.558619715116,1227.58664057322,98.4863237166474,107.332208088576,299.948234108796,271.146117660286,179.00437369428,1593.02781225886,139.474394367668,121.965557647842,57.6660603853334,170.239282654552,40.9347769535558,5625.93533467991,842.978334939297,105.362540458057,699.535882173823,851.052626378465,5949.69541116504,427.063997018433,440.651012021828,3281.85234902849,10776.5422291683,8930.4155499265,806.883467066373,35876.9417133478,994.956646758064,407.888288432093,280.915101378735,479.462581059338,3697.54494545216,9011.19481628887,10422.9137131711,17653.0525814994,12140.911274585,563.685870110115,3290.15556482576,12233.8559852122,1585.80972423672,18524.3738838012,267.640504397411,623.028182053157,7447.91949843595,435.073757698338,4090.28284420724,622.287628564408,154.992255192562,67.0004263971048,3.28365603554585,230.719807837354,567.095905461565,234.797505771313
"bin_m10.mtb200",2718.11817424135,2745.70049348216,6515.87036521737,6136.96188341281,2018.48193453128,3834.02943264137,53.3131795262426,58.6831348995319,103.729202865041,160.997196188088,90.0420048148757,90.1715330764498,52.3452318588372,105.973172037363,97.5793349712716,64.1308729942299,146.747215694723,270.017615923574,56.6192721544395,139.896645241432,1738.60829118117,395.807760282171,550.405653474578,209.640195071884,57.6391726173219,100.472005548343,182.317039002785,140.40087530354,156.314510935112,29.4884439041452,57.5673604239524,679.279458693384,66.6937611072981,157.810890762086,24.3944220429013,71.0738409916989,56.3408448873956,113.231969920054,140.878449295927,25.5122186472986,166.242355039767,69.6300364531179,3.86959714221946,72.2872762203499,26.3906979836057,53.0048761541489,129.477670805309,35.2493612392574,116.490029051766,244.964734349864,71.2090179353133,10.3059756202986,53.5799912732406,303.63417603273,186.095446553389,240.6782148588,41.9486481295019,126.350466586565,100.637476331115,1619.05594683632,3916.70861289963,144.373226689198,42.7280050495526,72.3490964328867,872.856463762363,445.788083453067,1506.42215910135,119.189024966581,59.9619247729807,132.995669701944,2686.63966514942,169.038530233316,15.6523020977274,28.5907805853026,266.43378788926,103.425404478618,3.21448964543732,99.3083539600715,97.291046942963,8.59309475621052,142.930558670978,69.4733101151467,102.198245703104,155.752242845563,218.385659426871,153.350132566348,164.952005448544,1159.59897568491,628.601327661107,3961.55495001774,730.873207733176,3127.03745275848,1715.10013655715,1495.41372339329,1799.47995976209,5686.00796692516,1633.19841587405,1815.215825535,2984.19753463899,1631.93272008887,41.869350238623,3661.47579371452,1729.41299130212,1755.80670379994,3695.58301798277,55.132805327419,15.1423423382578,122.124263024671,11.6560882088832,20.3182806294552,38.1252265829033,243.394570266178,27.8108369626042,110.989369239588,62.7560451204354,200.432288769405,73.5785047339664,40.1739165007708,114.083379075307,87.0461999341436,114.102668400291,179.681465861425,93.2376830484685,0,117.394160300856,217.84945451204,166.755176859231
"bin_m10.mtb203",6966.54119503927,7458.44509926875,292.7123167403,12117.3578543966,264.917366437009,135.470112432735,132.203607050889,76.5834715901786,317.649618451923,1217.26220617365,6585.33641026861,1455.33659918766,96.2199510361782,399.572536970389,100.197022577943,121.852384470609,442.69092846008,196.020705364193,317.997953412212,320.087404962668,468.898064109189,318.297232389912,562.531054838992,90.869249186779,109.514545557868,262.505996131477,143.714891576979,324.28833806595,86.7164869643067,85.4407639228692,38.4763844402786,23.1237301711011,61.1086667807391,92.8947946545243,71.2583050298879,2209.83042684941,872.034753299156,7756.34265543557,138.718398078289,108.650006028788,94.2255901121087,31467.8027131352,76.1263438487467,148.225246336997,196.712170857837,571.857634709642,949.458726409568,1829.03229495488,1689.32311411526,7598.07701387971,31548.687469986,165.667125663176,200.232909615171,642.713316491344,103.046747719602,504.831883182909,140.919342840266,530.063023330914,38695.7215853781,22004.4371161614,10187.7613099875,11291.0952275932,89103.493310058,2017.46941369318,413.077904515926,109.547459755089,291.210517614657,519.23538319655,68.2569519734396,123.713275460257,12915.9084624884,54.5100602057018,120.778031980677,57.1536658252185,71.2793232773591,80.6575035603202,22.5286995293443,82.571302882747,432.904179341212,121.103750589885,91.6615498980414,216.401150420002,599.734862611714,498.957390245478,44.1600434699819,64.6373601442322,242.485769287998,92.5264415111094,41745.1811273274,7847.18738610995,35130.5701109381,2641.62854277651,22006.4230054057,6941.04970448361,302.649392641147,56.2172827514602,118128.662698001,15136.8416303381,25997.849671245,5577.34227382142,92.8814797252972,14024.5875545379,4864.75757876685,43293.8139758865,3412.88603337544,12146.3058061767,2672.34239045488,2033.78810033284,3609.91238525118,835.024192372441,118.87643706618,219.685178800065,77.9940858038757,61.668869576949,12440.8970541999,48.7302815399184,409.623908752083,404.764092180286,2896.62413863403,793.034935243689,92.2950692804699,30534.6813267744,72.655444416984,30.2072410580983,115.705108684007,700.452808429401,140.73658097944
"bin_m10.mtb248",64.7861390508732,43.7478305028758,400.147062794814,69.7683610057122,943.296939268501,939.767874746147,68.6088111978438,28.3653400697871,50.918418782887,60.8977971634267,54.5710385637665,27.9165298226957,33.71835619271,34.4614615690598,19.744322137128,75.5204146309547,11.4042493854996,8.1809893554753,24.2713157828705,24.0920410589488,20.2591441437142,10.6586497517355,4.71379085549228,71.4775753615661,25.2660991277352,54.14008904546,42.3980675750461,95.3297519030205,51.3882485583442,103.441187046333,78.3744544994738,32.096540463132,62.0935083292584,71.7519496317818,59.4968763787231,78.0743684562074,33.513351598701,39.8902023920892,139.498577316822,34.3955885301344,69.1783081404062,26.5750269392711,18.9596920845654,27.65858376992,455.686343799686,458.076704629342,15.405082137098,14.5357272327902,19.0869100617341,21.3715526003776,62.2698661170571,69.0519587410045,66.4429523676849,161.211226689078,34.0107368131683,72.9305058361922,211.563609410024,102.95895743407,12.1584487529448,52.8312542641826,13.5853083545411,22.0570899193496,19.9347313475618,33.8092132420263,128.114900301262,70.2761374007225,47.2875195380968,100.540844922077,41.3097009525293,239.697689384694,25.4981885658259,35.72120163984,241.065507680146,53.0160280774254,171.849326993087,17.2312708759198,0.674995336131986,12.499152673295,27.6756782964503,39.104002752438,14.8901214793878,13.8936845305287,1.92525015854005,14.73426498772,13.8606187350329,53.6999009002224,156.51026146682,2.91545322683559,31.808758471218,14.2121356613775,15.8546049623133,9.19218233621297,21.8394320795873,12.9722788066327,17.9467917723282,12.0940848237153,16.1905438921623,24.8656437153601,53.1598194481898,51.5572207767473,221.527809768922,32.8551185213244,23.5849276325531,34.182766180642,21.3337225754928,50.6744811237158,52.6048045303695,62.306001992042,17.5989392629806,56.840401231925,14.9278195522114,41.7888245523108,63.5307306042347,9.9942484303018,149.13280488065,0.948167922315605,44.8177806023541,48.9025156602022,29.5641838474819,41.1183338768396,12.8582550619178,51.1050542812346,27.5436045970737,0.457342400193289,56.8524230671531,55.3532771670991,56.5099778858805
"bin_m10.mtb37",11397.1570317689,4276.09517500018,6565.35516615098,7979.66529943809,14015.0443373927,10888.1600246206,48.3225109428766,48.469761782669,185.19416817102,59.152807014662,56.7908062610255,46.9733393735576,126.008970794321,93.7880798100242,53.9000358334757,127.474433072955,389.866147417355,121.051436041791,147.199894957862,138.040742203171,423.575336506792,156.600997441547,553.054301042167,67.0613733800209,62.9701146595834,161.072203850637,70.0090450598887,177.299499076708,1575.73734537628,21.8949023004211,31.8607079907921,48.1531907618275,31.1849018859175,88.6821196658437,31.1291637223789,121.730444605313,3128.80548791388,9731.47467072199,78.3134605206769,90.974231555734,72.6019326854392,33068.5029328412,10714.7936083554,11581.6871409153,9110.15472836997,53.8873824497087,523.282922240636,19628.2869054978,19213.7590983075,352.443299243887,136.034533958717,48.0029361909588,100.677561962006,347.637122753692,25588.6879240564,310.157070476087,225.002572577117,345.079246566477,24345.6679907038,14112.6253080186,12489.3467966691,25808.3196916659,24003.0690968569,22514.4354390783,282.175906089859,148.878168776575,190.018446909052,120.937594106228,117.090330255907,43571.7676351081,14889.1678337352,736.514038478313,1936.29581393049,285.670013930992,24335.9353835266,120.435351194704,13.0436200807757,170.73501436747,440.461879717902,157.197901178114,231.14271189729,104.19649642473,542.817702658872,485.995694951491,20.6866198499705,26.6406862142352,138.903972887982,5862.48802747883,6270.91216747984,14904.981135271,14635.1392773379,8169.87157569428,29009.2205666918,23488.261672382,8747.68624070514,12978.5076611913,54644.6294679212,17351.536045394,52683.4751487653,18732.5010106945,862.34927439061,15804.1451893672,7991.69578592722,49122.0944348598,32732.7669142598,17113.3103856877,15820.5278511396,10334.252717949,3400.4230528767,5136.12726791874,5136.21058288376,9386.65089692763,402.313428095661,1740.21181036785,15776.2067061319,375.721608987875,12406.9164073763,19714.2898391509,17278.1750948692,3465.17336500339,4876.5533828311,10683.7810206756,38.8906196442692,13.4669584090929,12018.4038934995,5202.16013594617,36.6769118941577
"bin_m10.mtb58",1296.90093797062,4625.57601035819,3058.86133040278,1009.38718716941,1648.59846731203,986.901959157538,167.680862182286,180.568908816853,197.685488006344,513.791631689403,235.480009562124,125.548154590009,6.92614733915436,16.6293826750564,677.693901422708,11.094974229814,252.040595254996,17.6757450570924,41.9128904421206,8.25229977647055,29.8928395087213,43.3431006749137,58.7307307477852,73.7995980469056,192.21065702091,81.5773447524674,89.3084188537424,597.622423224304,27.3787214640628,130.145804338279,149.517252858118,112.981223080814,120.222232504869,222.228449139997,119.717630568374,92.3527244038564,125.474489074313,137.758635481652,198.340711479642,123.189464143691,628.821979788801,21.006467048029,23.2296294293235,35.8869960061513,136.056433981756,191.054568752069,46.521433266615,58.8282635521863,39.8781173386889,23.472843518924,10.7857106012611,31.6917497527082,237.742453802298,230.368501034537,85.0106385265084,410.395486750399,114.638081175157,336.807972719991,19.3794935001118,27.6264654185042,19.1290762718283,32.3520257133734,56.1636242292534,28.3056974422289,279.144657186331,36.6964928117199,169.89516767503,134.256813500153,52.9903900932617,74.9468217074391,99.9701419388072,31.6620233986278,59.1230232443458,121.090158301992,38.8795490301749,12.2332334414686,18.3543292638635,12.2276381060533,3935.57996259078,19.3018603672477,59.1571908323307,25.7170891956296,30.4366231552677,29.9688610847798,13.0874653857137,18.3078195884425,88.3880583420142,64.5272881125289,27.214159374513,32.4582201634913,46.7488183188739,33.766687422242,32.7918487307753,128.782947311129,241.107524526475,112.757526037182,68.2952398731105,147.380040824774,119.763829106687,365.658987313789,213.228552095449,156.803752131388,159.819711606161,89.3853205200265,16.2819336401847,112.666338147808,43.6887550216637,296.724776563209,54.5320548922599,96.6272390264299,162.050972514515,12.1060965113376,4.87216858855698,11.6956955525752,20.6255334743883,9.25082072517278,33.5713552683062,19.7072971904199,14.3976209337768,76.8528560826925,36.5275733798823,15.5798965005631,32.6938237909178,0.144604151578562,107.516284272595,252.892933063285,0.211450016532288
"bin_m10.mtb70",20430.7938581897,6238.65565493413,3187.68908408352,18339.6566135285,2363.30396966714,3669.22467075609,3818.8997774639,4855.69289095263,34614.2734714405,39565.8694037608,1536.08187417319,9946.44489997256,125.707454870338,9.19615188030235,6.64092855541338,7.22874526570196,116.523195842126,33.1633044137049,73.3246570716518,36.2533140595462,79.1834616126987,85.104706425469,79.6794395719037,11.63805960718,15.2245671229659,310.61245632567,14.9837858856756,390.744893201689,25027.1360297537,9.30676105262629,5.94390720078563,7.91396457259528,9.7477538544429,5.40734565161584,6.04040589192151,13648.619140866,2336.61321388479,14695.2719331568,22025.8582726259,5.76883406203727,7.8441494635337,69622.679494712,4405.90770251343,41418.2723414474,621.635020177694,31961.2302582008,5871.36858182712,540.858754802991,162.350603503128,2914.53505964497,23233.7646582217,4280.03014786463,20.7932051854845,919.001283747298,12.2692479670544,878.406839858055,5.79666187241839,612.913748582455,210.615125027791,22.7702105514096,5.14947840747847,5769.74479879312,189.587882096102,6233.57090297057,420.998126471973,271.056378021818,304.128226102422,13.2653924509335,346.723395995767,8.60841654859981,12115.0201095994,324.956683024144,475.839949625587,829.669845714027,442.578703166967,57.4640014913653,11.5490264965423,73.563722891605,69.538631014574,84.9273681347352,96.6239333704346,40.3815806815666,75.6789636347369,85.0946501654693,10.8955084037272,10.8165699962385,520.702478747482,5.37199212513103,1451.10434207224,55.0332581672032,18.0522426774667,40.8891148321536,9410.93090771393,162.312403064416,689.524177187363,4.35349830976291,161.012142044886,552.333234920826,1536.66357263016,7629.60754633386,4.24824428111316,4159.51655061762,12415.4528997504,20550.7106350693,37359.6263124149,1343.28435162559,33329.4955754233,9687.922138444,560.891834002924,6602.2864994627,2612.04059582774,7.25652310202933,57.8861067688872,80.0718970368764,77.2157797989585,79.7242177603408,113.559776031319,58.0938675709271,62.5430865665632,104.929067621458,39.1577536046361,8.59758469509999,12.3610547068126,11.797739197452,6.42570160594333,2800.47768577396,8.97779849451568
"bin_m10.mtb71",2784.92752672817,16468.2697911845,14301.327941531,21772.5636053174,3403.17861051505,27927.5908890961,50.0450776616811,17.1667851525796,178.812470217866,44.6333381165287,45.5616109994786,18.4068513911315,34.0482618472359,11.2736083057215,22.943233382527,89.4430533398296,92.1266427175637,4.7838893595595,16.7962337892143,9.93383588263243,82.8438657584544,8.65655303598475,110.715303406053,14.3356086493209,12.8712256421789,116.087097754801,8.29950349432797,138.87767227732,11.6485539667414,17.5156053214989,12.0193177522598,16.3563394597581,17.4144758437864,30.8229125804262,14.7339231962836,33.5499775425869,1214.83256111711,8220.74230792467,20.3601154763422,10.5425816581295,25.0534145448226,476.347296427947,711.35283575059,12560.1860136493,585.556849067096,20013.9370255405,99.4157538865837,17.5114290076533,83.666920951497,68.5343034536227,178.772381954033,577.020179735008,24.9057499099605,249.041057623027,12.7842364276913,192.397392781867,22.0221638962654,204.397429322822,7.64165501107463,18.0189950821106,6.68119329011193,13.228752683543,21.1414719198535,85.2494792841819,163.588423913406,23.1842256139083,104.049512154753,47.9178480987338,26.1290493366482,19.2717416918007,1358.15188519914,8.36774918532589,13.2858343995954,8.71134084838666,21.8411752678716,15.5016973005614,4.09889211443834,11.5328833616241,95.3470904741105,28.8930750512253,13.2499350226968,11.8481224916306,111.425647055431,96.843017317471,10.3342050539524,5.25106748238283,11.7408589385331,3106.61767457998,482.000454735266,1285.64014389805,2400.53191993865,1115.27090491591,8016.38525244039,8.38441394887609,107.086826253627,156.413805574407,17.3438096398076,45.9169101050605,24.081563265705,9384.58180640149,7.95094447674584,19681.5867080954,342.148476394006,27.4271930116257,12.3938182508084,31.2094400265283,17.7730328929227,178.593562554169,6.57656084703837,12.9415984276167,3.85475035979077,4.33023445749761,14.0388279952425,10.0245425807334,30.3575430926276,12.0638063083945,13.7749009098576,7.3176341053962,8.6210009438237,138.853357231774,4.27112089164095,13.6786402274911,10.155303132938,3.4972150204856,9.24671844164371,241.904945590527,46.3256046154963
"bin_m10.mtb86",2802.07243617812,2388.73081546174,11349.642517628,8980.02848457313,1415.02719004328,4856.41774465143,144.884841318999,105.331242474336,263.364304722405,380.557869725767,312.251420956025,332.099286128045,152.376921804834,5453.46364914643,4875.63685028373,326.330806216392,4137.18327254089,798.137657723979,293.582819287271,3059.86056802707,821.552543760086,769.387190665074,1039.15228314893,2622.65503271372,126.358314925662,3151.94821874338,2565.47702313447,1821.0566462437,203.263574567272,324.632190045668,929.22606402215,4338.95208514115,980.380134129221,6772.49745729006,338.717446914006,158.040215337642,205.74405336933,252.063661986788,401.204215359446,34.1882549595911,186.988850334491,562.53125121463,31.9650058571331,561.363266377772,97.4824134198624,366.132772157175,394.673985237719,45.5944753100272,338.844138530881,577.860500531016,153.77019268949,28.830899088496,42.0608455177931,405.332745462806,332.548089492634,412.9425074209,26.3729948533362,140.201800660641,365.142141336254,120.209885162857,188.708626134614,456.987519676745,262.65985829497,629.041770956712,2093.20274861303,509.828999104697,11980.0660342062,2172.02543431868,810.701330632922,476.348225772906,903.738553413214,350.236850823742,17.7858199545099,20.3336955295131,699.227366258536,1221.486357704,47.796222144534,1448.1652084805,2179.94330626768,34.5606547301317,176.939437761662,372.885747526864,713.075867513421,1057.18276688674,1378.71992312626,1017.48966457234,623.770195544318,928.041592267842,261.139251440733,555.078583258784,202.985079027153,620.313811958045,504.243283835109,1243.03822922927,863.302200054342,572.702666795385,2103.41270520544,935.362845558364,371.012189853407,788.805335426841,21.3923546570997,919.369194182157,1412.22957388616,1870.50802009685,1663.68486117083,161.427166718755,23.0631731289627,202.844586702609,21.2433848016504,22.0461606075968,35.0094877032871,501.171258079541,44.9375643910012,278.550596981525,216.714022835977,408.437428024112,129.317391183788,71.5319066354894,298.88300904515,103.927198742001,187.926274747083,269.414116781424,1433.42057588098,3.4245447070968,177.839590610177,252.127502301923,327.344763839208
"bin_m10.mxb17",42.9898757024537,479.15990972067,16715.1951940657,104.513295453643,111.049352124004,85.3114034088994,90.215794419833,29.6959060454904,94.8812319727587,64.5962497781626,91.9265455828626,33.4557336600467,4332.16318403685,27.4571823843431,206.211072280635,457.77521984262,158.785124412156,616.91697712294,1598.04931676206,723.437626163615,560.64005799271,1632.14120965467,1761.87344783997,1219.24394434235,1491.64549448397,7985.74847251261,82.8224283994564,1433.7567298322,39.1161373341488,998.442208914844,822.320426975843,677.993509498238,717.355406311546,724.467044845701,66.2074680218925,38.4795604284724,42.3622883088044,66.6560196755953,49.3412361292446,27.8575117315111,70.1361482471627,74.4963770391167,23.339875867776,79.034717585664,77.1481955310656,98.3539565072735,408.178777252425,3139.07481869091,638.180829905783,89.0478660961457,136.669267606399,69.607408349453,37.4388433405171,1083.31255189537,48.3441018129246,868.7874968459,112.954292437065,888.39282847582,222.50968310159,14290.2375376146,4300.46158980605,12131.8290354935,4414.14012301522,65.2767998787776,2448.67082755372,2675.23227626913,1357.98566075236,2213.57678785537,814.674993418279,1378.69490161895,2593.17401701293,74.8786948542085,956.314798902343,215.991917355647,1805.21149449984,72.329577854893,14.039967945802,55.0229795529979,155.003684867383,79.9404158975873,20.5194838682001,154.013308218703,117.212216682528,96.2768765373608,106.068129657829,31.8207294857669,154.487552926783,42.7379654054482,61.1123030656705,92.3255030504438,66.4667444278375,34.1272045249226,111.540819287932,46.9043307703179,599.883970039041,9654.34432410782,37.004276489737,85.8988363221129,82.3539957906506,1089.04111875275,43.9979888761842,50846.1530606917,5063.21089456587,27428.4981397389,31535.7675976747,75.0058949796836,74.7519400680739,708.208693897889,82.0617192979697,90.9129833304905,44.7952500951728,302.522900648753,17.1251758483302,16.1116563760076,156.531266382472,8.15711992351303,56.1476091353685,31.8383496859285,36.0817403136662,138.351149861803,25.7068322877035,41.0526393535356,523.0875087491,2.35554204072836,53.447948956366,1159.90439135294,5999.93843569649
"bin_m10.mxb39",2419.76770450588,3384.49686932836,61895.8938793336,32794.0740415671,4508.92988365936,667.423531732428,22.6726166494571,6.48272631958158,22.1432864737961,15.6742243939441,34.6565720884435,7.43030294429743,1.67097112660889,8.13632013429096,0,0,40.8907849375326,1.40228659918604,1.60011401424079,1.20445713629648,39.7241914881845,0.507493689972061,68.3508436195718,1.26307469389953,1.82624526886142,28.5158258163697,3.0280690700773,48.2828835102369,0.693571200310993,4.91380368357218,3.7092689309234,16.713728030013,1.92349172089143,7.29379916940021,7.13718021056951,2.60599821410443,22.5675011291083,22.3192931505962,13.5883796902065,2.86957742502688,17.9385897281766,2.79326513740128,0.290164456928753,14.2472675318358,1.0943364089193,0.194833717200356,56.5832897156737,4.11645603604425,65.4329618007037,34.353960767689,13.8392868488098,2.19638125909821,4.11264032608737,60.2101835959063,3.57252460897083,49.834542795547,5.05534630905575,76.3614676580139,181.284214843654,120.41091470641,3388.31164451611,232.884346229834,1.38901276302002,625.714885803283,50.4723788167536,5.16923694407763,34.0738943937977,6.20063893351672,3.02742516424476,27.3762412906407,981.32164117458,7.46281181832759,2.85494316253167,12.4484501251252,2.13696246680757,1.53717750876818,0.289248913927956,1.28181015321548,48.7859916288353,0.840468573780383,1.9419561078775,0,40.7003921178155,62.7623024572918,0,0.400199557768978,2.21993848601954,46.8498614543607,1.40315875578187,54.7613106924031,18.012035162223,776.1222346315,7643.56174943875,66.7065507887683,796.678913076998,3165.52271569033,0.962492916015137,181.702992865799,7.97032095227157,134.268634913244,7.57456572905121,5443.85690464477,30.2646030163714,541.97579768494,4167.34177136375,9.13198972613183,4.60862837686677,53.0304527586041,4.17682809488355,6.01413367079013,6.63378831024222,4.68778577993403,1.6787778278688,0.393814624517298,13.3614419151914,1.39305872620551,0.957870799661675,0.335963120972037,15.8433312294185,75.6879810096725,4.40801423367598,16.4095661044346,1.16094903649024,0,7.52435488844375,81.3878183858778,0
"bin_m10.mxb49",19055.1595013326,12433.9273318736,6621.76984273333,25260.9333091308,8231.91427247886,17412.2390182218,563.743278541854,464.678072239245,859.407854319995,1281.30776516695,993.141820295369,1052.7269504639,824.24140713153,1098.08133470531,1083.84385716218,674.372753866601,1857.97004968409,3696.6187761744,1012.37510118672,1317.02864107543,2171.40073316643,1466.74311555466,2182.81092973597,2066.88164831354,640.144658051042,912.24737218805,1814.36673013626,1056.74351942885,1256.04129317457,304.585143696043,572.333448891052,700.507522304283,543.220072648344,1531.32138925869,336.071108414854,745.455242985912,896.171964770832,1073.20384799773,1663.08664806223,326.438195760665,1151.61602401359,843.558181289008,298.260671909188,946.530318077645,386.319250232702,632.610444278655,1424.76127958474,418.587410039425,1058.10203411117,2382.48434332386,853.885198434778,261.696571579533,395.870449497316,1530.50778710243,1283.88945943837,1544.55624318396,239.139441675985,571.204141370452,18796.2650290658,25286.3447011642,5885.71820252715,30197.9438073898,12181.3231611704,13423.2444325922,1102.70551517435,1081.23499697688,1537.99613317547,1103.52282020764,761.035159064937,977.707092788728,20392.2838421758,1260.54423950243,249.707972611767,272.115157751821,2835.45571684619,1391.00712092938,254.553614938774,1587.25060248207,926.991862865996,362.322586505894,1291.24102796721,942.702862913052,1035.67850943537,1709.01007874073,2281.60117110553,1898.26705788776,1248.27854558783,57603.3405133498,14477.0452900496,15278.7071319092,26941.8906621517,36589.9578307857,18717.654429305,14176.1941758401,23510.4176922632,3613.50982105715,21599.3109068205,8552.95190289361,1691.86285631516,8285.66644431827,278.884067243552,3383.07486087547,19282.703040999,8523.41872656622,11364.8367301744,720.690412130584,363.165990045736,770.850138175637,262.517206866529,242.032356264594,336.024435827697,2121.26772152763,251.045660196942,946.257452681445,671.452466650589,1737.88819267107,988.177817979751,543.051495289163,1217.00181335475,753.701712820345,1260.65509865778,1698.26841863121,978.620817579975,12.8601517616327,810.739156439081,1102.61579888773,2442.86312706084
"bin_m10.mxb52",545.863620002625,315.366130505291,763.28257838068,1308.51910697383,496.052548568654,63561.4585094798,465.919565192143,453.251493035568,332.500217258226,583.729986931332,429.059509325665,92.8296971959226,48664.4150354722,78425.2679774657,84197.9393059364,889.147713030386,59363.7828054403,384.534184008637,3420.9433173632,31660.9174145566,13425.1751107502,1438.60747098036,1970.1473367531,1193.46952385709,83.6402534622455,12056.874428091,4434.26100922146,64813.4870649437,60233.6072333761,80.9863512889327,182.701733955269,1189.23569663937,108.750179872932,540.993955670103,175.043890421984,132.373427806991,134.383488363304,154.38804173582,168.00142126792,175.663197271365,213.490821685335,179.992120251331,132.471169716882,312.716616881206,294.990244242901,109.494785262017,1512.54055389592,42.2989125935442,1204.34949639728,966.473888631244,246.015694008509,16.6398532892104,84.6745412706595,419.80975446856,269.585799666109,608.115096358103,430.048246473348,601.513817421711,199.493433817441,180.166897994013,348.452403075584,303.332846530022,165.769879570923,1227.07173948357,1485.58318633519,1566.602612552,5654.55381660372,6643.87235735207,5413.505906266,185.641562538146,1158.84505255604,184.101283894447,71.3358556915323,37.0795863918017,61.2551572228434,394.925800171162,49.3668230979665,295.00173652469,178227.367365564,317.589717350095,686.844741546784,311.921816406917,1737.19131530743,1573.65603731547,97.7915906430933,18.8129967330261,165.46723322477,303.525410887921,354.976226674123,1499.87081908534,169.024506997337,231.37365042936,1671.8517808369,543.80019926347,1047.55375709271,941.266380068793,255.917690872625,714.973680584285,555.766515848359,668.713810023837,244.774076246399,1474.02074582439,403.227442713096,447.741576735366,446.052830651542,75.1003275218386,28.2583294458756,463.209746746149,21.2268838918194,246.805736909834,234.989720655526,57431.1569947248,198.218593889149,389.603702288281,1065.01477822531,91657.8846228234,3680.4175658478,1504.70343887658,73923.192071846,3011.3329491985,12347.8353523167,34619.2929243149,3252.05311340775,63.9089310570101,25212.929992946,12423.4591894929,48.3037515853684
"bin_m10.mxb53",10837.74074649,11510.8855603041,576.693631624011,2012.55645687602,6802.03163117969,45123.4063137745,102.528257417749,101.186296903956,4100.48236286984,45325.4761358132,7089.64869522288,24101.8021627093,1886.71697271518,11246.4789201149,20848.8896218289,154.542343262135,25941.4083278167,81132.4789694092,11692.7168425568,12634.6019863198,41998.8210868405,19814.6537712717,72331.4806698022,38431.9264128481,872.800119424249,23108.7346637779,38231.2644523543,20802.4454739289,266.672510797318,96.724204948623,367.349119592373,636.071128558474,4508.03944297663,8855.25675063109,4483.78286883947,15712.7360381087,64967.5392333481,27211.0624918476,84361.600779446,35.0177089002754,145.218426630578,240.688643210494,24.0040265228741,12956.8261927202,154.014240408193,98.6324263707579,41582.5027954634,1337.23326384472,31745.9391643469,1067.32779016923,634.895047967359,109.576840984678,136.121161789977,1221.52839208116,347.499367145037,1328.49331687667,80.1343305081513,1244.42748213313,159262.725576076,2623.58764365404,4364.3450204999,69839.7944658963,10786.2170672031,47482.5667206219,4839.922479453,10434.7960642628,57848.9823106776,17670.0732341451,29042.7568417122,241.008986003116,28752.8231658361,441.403997321143,40.6996607885902,64.9835278461687,318.80355277647,289.117968297388,31.0014293290138,318.687148019769,15792.2493985952,102.215288564728,339.341331131985,308.086264142979,1604.21557053141,1462.77956265072,528.224406461965,490.56284376108,316.826636790537,59424.7487789726,8744.84282447139,1520.42405005872,3072.8403150884,68423.4899711128,6935.26933768901,8371.91239131951,16604.230167356,18950.7734014833,21040.2822245514,1757.50564491998,422.978937661625,13053.5745113613,63.7405200778741,53057.1768262751,13138.2523783906,7371.61595904591,3049.47775248953,161.984585602252,43.5775586037174,1004.00734539602,45.756844469094,53.8200731503201,75.8091196599173,430.238329208574,96.777800015227,245.875834067907,220.99346226285,362.998985484572,382.845897139063,311.838129916182,403.001522377619,1717.34156397442,295.676228847464,381.81005856192,19857.9717009966,9.17693596326195,274.228513869869,1259.93367093083,482.492610537517
"bin_m10.mxb56_sub",775.94519008658,63.1179682144439,40.5106909216277,368.915012929273,1107.41988222013,5279.72999423083,48.9181538253412,27.4631235979023,28.870792958325,63.232486118067,60.1288769394548,30.654360856579,21.7254608946017,12.6615782412745,22.9088859652482,12.3913592753054,68.1786638213817,8.79278870066749,13.6132693204613,16.6985052532262,51.2863029374141,36.0703811892349,102.975399460105,29.0245793195473,27.8285158408571,35.7916023180838,28.9479349480028,55.88661906161,15.8636553000326,23.9398994357599,23.3732236815531,31.8197415755567,24.2246172926897,70.5102953265442,33.496507589381,46.793101899263,66.6108887756727,55.0557563622723,56.0319322474813,26.4878865191947,82.6707414128166,15.6162287243596,16.4368473894467,25.3617462029776,37.7791176736214,106.868374587221,38.0137986323317,27.8338183179233,78.9854917192009,25.4775752079718,15.7899238195061,10.6420139268389,47.8783384682166,67.5918957192184,37.558500463918,108.693454912372,48.196356257099,89.7770626533526,7.44516849473545,25.6327952046962,14.070304285035,10.551226902571,16.8054870311162,27.9859769175532,74.8606927517458,9.71044053635269,51.3167597120039,62.9819493209537,24.9150969578241,64.3716943883336,28.8387312609263,26.3580125580218,30.9613080072413,40.0035935792911,35.365874521264,14.6926033589275,18.2398888912367,63.529088274725,45.1135247024207,40.378447347173,92.1554066328243,11.1889168798605,43.383209227289,26.8322627904509,17.5315247811583,6.58712288056167,357.617803768197,7.70017032124027,13.6901456513477,55.1723383610575,55.3223051392357,20.8516110044247,40.7686885560848,435.94565810018,3376.58769433524,52.6455103974876,2249.94157734682,1535.29881813324,1525.4952106284,87.0435040736483,43.998549108236,65.8695290319209,61.0578313383639,32.284898321236,21.2203842622237,28.1914227638109,17.0044580831536,77.9339113341611,16.9144122335894,24.3618758923367,44.5671317914219,465.279141612918,2215.99103762435,2236.08970864647,457.811572488282,470.395669143483,11.7120090288703,11.5623448622596,6.77337207813869,52.9161686978051,5.21867880284808,16.1458516628612,27.2982166485102,1394.19713099534,23.5377583697018,102.524540341604,3626.51547932132
"bin_m10.mxb87_sub",2876.20927438606,859.45112453206,818.145835830166,1146.98818815793,17552.9060498569,12229.7781714745,1317.42818342181,646.363204082479,980.086616636491,3324.40283662994,1658.58429256461,585.487787461366,55.6932004410782,100.563417329507,124.353397746775,357.270252225897,140.16645557986,203.018135844251,174.883022077497,217.926546045803,509.835354748019,45.4582119930503,124.035167634432,856.323135083611,705.422006055388,232.183341052082,836.019258390066,1138.57543082265,832.920613336751,594.826390214384,361.145491394817,378.509825985015,255.548273765776,573.959742937769,264.202175534363,283.244874344891,1129.52308720697,2132.80414967001,1765.63462826082,248.706875649443,1314.85203276888,8957.35494728361,2657.14432712142,4089.5197359878,4347.63166774555,2317.06067664091,883.085776776071,1208.33004118543,5266.42725128106,1275.23766290825,419.939900189063,490.405959679827,1272.98360470754,1892.44608593118,1569.46839903631,2587.06605103611,2782.72329925447,2946.91383345818,1743.07201525711,623.101259076113,1414.92555340477,952.018828777726,763.29826430998,1881.07848896908,1766.16367481362,357.08809790986,714.100215597239,1166.95197571351,817.505990987042,501.558511462349,5402.88755897902,159.227654705031,566.699692219586,747.404990357678,1026.89966313012,233.373375557802,6.82877253312636,339.618662988618,155.902671097137,252.551846640138,43.7279602469538,162.263205842369,105.788542888531,141.079979340912,115.592150689547,122.548270484489,155.924849499766,1464.0493241898,726.698822395783,3594.59257304138,1899.09633322232,2089.2879284027,4329.94571745724,2122.13608546313,969.501478224957,624.006828479443,1214.24024644864,2010.79252610054,1361.90253658562,2993.60555393342,965.701656986128,1805.44426771113,2673.95210647579,1811.01491980869,3243.03706922259,1804.38172372512,2398.40611373592,1916.32217124099,381.224522591573,1350.32383759651,652.616080213831,47.0031477485545,947.866080094033,25.5679226239784,922.653462639338,21.1193945125631,1873.90442622571,2462.65486996652,856.230016190049,914.177963236655,1620.57598185388,1253.54472126343,120.113387806173,3.81032881866999,1606.65861474593,1535.83462379068,11474.5628957909
"bin_m10.vmb1",12314.2980107082,15027.6780467051,486.772974880167,1874.28256594698,451.893474556573,43.969563026993,4008.46167031456,1911.50276878708,464.826797951597,576.999708356758,6229.46220297731,2760.99264166105,205.49256408834,228.063676304157,375.722229223515,533.422622163359,1276.45988688287,151.682467669478,938.831784076584,86.8086599497561,1613.6043576342,649.298147426961,462.064773893872,123.5843007108,146.994271448927,121.767115851053,133.11142227488,274.951866724854,748.92692847551,496.24373565879,214.57304681447,358.793092678993,989.524629209325,1264.44331818595,598.672950356236,747.867396351698,400.680252617028,753.274415651135,1405.22856799423,1080.77176042819,2958.33581369504,1297.50637911014,1224.82084718156,598.073517604603,1358.13321807723,3033.76209625178,1451.42646277591,684.660254041158,1284.43999096156,450.033261661291,441.920558019726,603.526452789312,1872.52655473157,561.345877316713,588.107177257116,3061.66973168763,3766.66592247174,571.376126527792,1921.84184501959,7111.01640376852,720.679591441847,309.388223489148,606.795294775319,783.939906822669,257.685170579729,141.984107201787,426.781475462346,683.156545775333,1018.28177490035,2036.65312025138,755.853646801119,100.540493089087,1821.54040187301,1458.44699096302,2362.59913127025,1176.26971194757,6522.73928213165,1322.37520874517,807.387102817175,9376.93487064632,2905.27456069802,535.68624358157,4562.57707688063,2297.51661999478,320.62539578707,1191.97268390486,68.5163991630511,1044.29463999476,459.910893885183,304.445851051228,1831.55215401063,727.060892767731,393.403888101354,2382.30275807508,274.819545047889,218.790605633906,241.571756079393,1024.48802868046,500.394257800726,3560.47197435504,679.35467762118,169.556215985764,6619.75675423762,2664.62166880907,686.858241198542,1232.29545692051,384.478959137745,1553.01665746503,1164.09314896109,747.634197523219,801.566207988187,443.349471727525,293.552670969355,682.113990055486,909.381712483471,109.957413248997,2071.3886821668,6139.85382945944,178.06736069906,2889.94148546744,3446.66034845751,207.272483201815,412.667446141584,1.75619921906516,1219.76183731925,1540.64908624697,2.18282875957427
"bin_m10.vmb10",1014.75177209537,341.824302609347,1253.54838054751,4993.23669511182,1838.56046942571,2511.11958922617,352.981503013329,322.308498820036,241.218386472186,379.510117922433,278.831001828569,60.0724487180243,154.175937660111,304.043360696422,262.701716186783,317.241832430848,421.914515973205,43.0637621279564,20.0065835921726,180.035784969163,336.470527248602,24.927992462279,371.166123382276,69.8343407907575,57.2688301723621,199.657598626155,66.8965934017383,177.200767417575,80.0355465940868,41.1898960882074,67.3153051916817,125.044852797197,52.7408934728225,98.2419998336706,48.9055734578248,111.325343445797,141.972596148592,209.488841748527,116.61724529145,62.4142005010027,83.605051591196,50.9025703297658,76.7879327271333,129.549818928598,70.085427543699,44.6914356446339,345.757741923551,17.1087992229163,282.236139700044,279.29348791868,27.6466814571596,33.3809410967241,125.05865127599,120.890754005108,89.7635949751714,124.269105312559,190.891709400139,146.365320881672,65.6198889789225,83.0269740366091,72.0952263254265,101.938230960954,24.6796163167811,59.620972272885,117.373051086304,84.4532340421238,113.327441864416,81.3068871051391,41.7421872014332,61.5830160121279,1998.87239710972,72.3098513420809,77.2965868608586,15.993674341675,52.0210075409824,55.6875098185329,6.11821336248134,37.5277497635523,596.603257063752,20.0492390172196,93.6280937828976,28.9180633664348,546.786285210128,322.386655653654,49.5651119321162,6.7720393449391,36.9228985732713,189.287802782337,480.858455562651,918.418952932552,105.014123459981,2921.58420016911,7056.30862999017,334.65785603414,1003.61859547807,600.556632650403,160.004441578496,239.09182392238,1228.1161701136,646.500841033198,43.034331994987,2362.86182713967,3750.09613483845,1068.88564314933,856.138147973867,89.3429650547345,17.3301389205438,74.4340527668697,26.2864238556908,176.399777793432,29.2886728696079,137.849395141876,47.5039894138517,60.6238497646774,113.792606019032,139.036225807071,97.2525623792178,63.6410037394096,225.110336831987,681.834904773645,87.1821007713241,106.39749200607,86.5843141016924,0.368479041006093,97.5637279864758,74.4662616395067,20.7443810622759
"bin_m10.vmb106",6800.39742628655,4854.75085099034,585.634130456945,6271.12770106748,3721.77978974544,6003.23626002114,28.1077219003792,25.4964484227841,55.1067249265744,102.511016095484,51.7697584023918,53.7343941705435,91.9313895245133,233.936214318315,137.205444193249,125.023031753394,202.138780219514,255.021105011409,73.481304564194,143.435122371858,158.27569555461,88.3349868313691,134.396293607798,265.566344456499,44.8842035032223,125.851093237601,207.350248298548,136.150072857582,173.029765057074,13.3037914309755,43.2200348161015,48.0648409007403,34.1065438127664,115.203562210404,15.271853201009,56.6165470277231,57.3298016085516,79.0796929171175,129.055748008071,21.60587841646,37.0558188787532,103.80834532466,7.32684553128282,83.611554965174,31.5934123693295,39.554234812873,78.468719392971,16.1932646533369,92.870208712261,117.077642990217,45.5451394338453,13.2282579423909,11.9290802116328,121.896268601379,120.332835265442,87.8715940354302,20.9347405003524,77.1271139124657,1192.51707366324,8721.16602531338,582.349772814227,1644.06063559907,63.2258223475321,1498.98767747909,142.352091715107,89.0218265207407,166.167960157368,106.611747568597,88.1093632855529,68.6147795107456,2224.25404992815,132.022880092063,15.8916666712039,12.9923746747753,223.336456080939,181.579118203818,6.2325141005379,224.531443054817,111.889980320721,20.727201387741,317.657826841357,172.635136356432,199.061327826681,339.547974196145,468.368408093688,408.52379736239,176.328666405246,10012.0576006119,1148.12313354431,2349.19996894694,3918.97013175375,3111.41743584236,445.953304013245,110.111884980489,6097.24875139882,633.093460809927,338.954016951637,213.105338017098,101.46198610877,4649.04292901937,10.0898068757398,1999.47000657937,355.58605174644,4329.6970102709,4645.12115563587,21.5216226813246,11.4684396557709,78.8554142181951,7.8905455079611,15.3885686971423,13.4803708754069,168.116551862076,23.6255030899611,113.428819583952,67.7730110743514,179.317694737753,64.4338344387546,39.7018077764613,116.13351199234,51.1983654772276,69.1805194867296,312.470501017609,113.220022270233,0.131963548736893,120.299251340908,150.926876521556,134.593832504689
"bin_m10.vmb116",2163.84822574912,748.475459487038,5130.41141458137,1547.65606765169,188.609068292716,348.632591744155,132.211211086153,136.720293342455,179.481417044062,468.730297646211,217.489315987474,85.7927917493195,433.659182334779,2539.58089301369,438.125213285899,1.02913960742814,1596.63889484481,1.51758717393315,1.32237427929997,7.6178076300388,14.7528916755692,2.99575350146222,13.7930003814559,78.1013416704119,103.645763936818,68.6493428798794,71.3005935464538,388.816037977862,2.45650544182262,99.9510816336683,120.142114048171,327.844732198759,104.271614657069,160.122138440264,76.4912281870475,68.500935209878,100.652671192688,123.386409751324,165.471025103532,77.4584274672527,520.66626921438,0.634182482782951,1.54156610125112,3.19008089075791,4.19893966333995,1.72516565832966,16.8597135986789,18.2886372911423,27.0755868078563,10.1396332892894,1.02117259914464,1.00841358758704,162.656327032011,173.709989837013,83.3005278795591,345.531089896788,86.8399029655298,239.906878330509,1.01114384809368,1.46857429650491,2.56591731646267,1.85983044467333,1.47589061206251,1.54181788539847,235.738702604964,15.1646285365792,156.644945287075,102.613480724996,20.849499546455,54.6371833918591,74.3812030145464,22.226865293439,19.886341940131,61.9712104348213,14.4071625489388,0.777772638121404,1.53670206632002,0.324281632651559,625.930834914668,1.73646067504515,1.31010705575591,0.292875188579344,21.42822698033,12.2383465820722,1.05664434216554,0.708717714225796,21.9750317175978,2.45827926127883,1.47908867735743,15.449830224852,2.61150820683716,209.009008235121,304.341292259606,73.2745701128512,179.366977772892,71.5401152223987,48.8620205339214,79.1207509038922,65.105769437849,285.045113393767,120.724921479314,129.56980542449,110.582319603693,64.9675770102319,15.6989400166178,86.3757058551163,12.7744743297996,238.258731875849,20.4096611115868,43.6670262133379,93.9827782739668,3.43134883603045,0.858856776876649,1.16235094508237,2.17938751869188,6.30451141248378,1.58321681716673,2.28068274204552,11.4153993823736,21.7245966087879,1.60127178672684,10.3988777834986,1.82749970941907,0.462751517609737,66.2998071705396,181.383563833044,1.18416674913085
"bin_m10.vmb122",3490.55854749875,6245.36760126204,1340.27115204862,9587.77175342195,1456.60462508695,51.9070335275428,169.95827037954,59.0880218239968,106.990168492588,52.8854618187867,448.513357266586,140.968671523278,245.046605870661,60.3989736712894,175.546858373347,548.055374051455,241.132827624663,23.6339993001458,127.792317558806,28.571311031663,208.44016233996,71.147474750687,61.9819888724222,13.1536434780824,16.9386394725001,34.2287095637554,253.337400630508,116.902566788422,46.4254362924176,207.277175033777,80.3375531911798,101.532985691435,338.274313063435,733.888829083467,823.252867749321,148.234169829302,23.0515409920364,15.0629704407527,25.5629540337779,35.5232445050875,18.1680636226962,845.047805548733,21.0065037356065,43.0469556014617,2408.02111386266,169.819952224564,136.390406660126,11.2034403733873,45.888596575802,719.148856467323,127.622651988076,152.837784988529,37.4441188314527,69.8766153503751,34.8949971815526,62.1194287561974,181.054899047802,101.399102161047,62.0036250942439,231.137031300102,270.08725153534,455.276181739893,221.227177955738,1762.48965853215,311.110305144386,579.792024872714,417.063492142724,502.582013156397,1156.44563060653,45.6902334917467,60.0789986782631,22.3164090693973,25.4801010290232,76.7695363614375,22.5531774776562,132.165782083072,19.943069380002,867.892605239266,364.863874253602,393.445756426181,13.2299584198067,4705.59256323783,3144.96819725032,4601.08164205664,1490.16225081785,21.1545333135548,108.711719645989,147.03363457281,331.696031483229,1466.77399276273,363.488789127664,96.225401864126,260.854987358161,322.246470652817,7.21424210561966,15.5757351080574,137.05543962955,2610.32582365063,2779.61201758788,458.107162043973,28.7615646072125,30.0025069118955,360.218341809991,9626.22459347723,116.71042512777,371.677160660392,49.8506433019315,68.1330344740775,119.592943874074,221.498160176317,56.4924865926992,9.58863467484798,26.6220395272465,14.9339534248354,59.3958468801038,17.7422556513667,257.127652818809,91.400928492658,66.3315682334814,216.241341155287,36.2369467048782,24.6801164480947,42.4682421600625,0.900827085190205,72.1241209703477,17.754774738812,117.729270290169
"bin_m10.vmb141",5.6017059954196,7.79772141981845,90.4382725955816,15.0858716702772,13.1203618015038,10.2747764563938,14.3714103107085,119.148941648253,52.5521537292462,116.554843754056,15.8373506403469,1.87260364967748,14.462419773375,4.34231127297595,28.3961017767754,0.484607977512348,113.699447303903,35.7738776122725,211.239570533836,22.8300450034644,930.64593343823,557.398775273966,391.07215911005,8.3676887265795,9.95929783806301,105.019458507774,11.0979740814306,114.79155633627,0.5141045870064,22.3850983927761,143.450530740631,102.660342628258,14.6141854541265,5.96576592212752,5.40794676766636,249.243165651353,43.2562305269513,52.6519780327963,277.96263569135,212.318593981894,10.5924048397205,58.451451521258,251.216108408826,398.483702835598,28.3909104869752,65.7828863774561,321.155504909027,94.2688934537856,155.371883646252,107.639998800005,29.5566413217523,0,13.7180907299847,266.008761471464,7.16192784838394,182.193082236784,10.4298139136677,201.567365136706,213.731269792343,262.689899869085,813.213755777138,62.1796062750503,65.0704398015921,15.3069484905004,132.255699330605,37.0974270634225,162.448595019996,15.9281352316291,6.10882127089222,4.22759144272714,299.333240053834,4.33739861756072,4.44403211547441,9.53490016765914,3.33475330959431,64.9877249542691,144.829662220173,170.684501672244,122.671975930588,2.49196476913387,213.759926223901,188.5702812937,237.274073233816,422.680506059191,1136.12454448781,1874.35142931793,1338.5616913528,1416.32620065616,945.842396218917,1317.72887107268,64.1798829567143,1079.13730046853,347.245351652332,5.84067845197736,156.358467427457,125.293028517492,5.46971314352993,10.1153078209703,48.7006046032478,421.807779299421,7.44543659254096,422.447379943581,98.4122846140567,216.714201623965,204.736028471956,9.36643560953421,3.49037543415987,161.601347261183,6.62209265990352,7.80138215782864,8.69299047558845,20.5012431464747,1.57621695251234,2.99210019712262,2.21538435622778,2.92568472024142,51.831075641645,26.3972022436946,30.2660707770647,237.151673658357,17.4680677628372,0.357749148062013,0.430272497382149,1.59795867643942,5.30530612892565,306.802394764246,423.35736499889
"bin_m10.vmb15",10903.8153504088,868.083898083001,401.263018672566,1789.96693887603,2657.56105720047,11210.1733146329,322.491821716512,485.266713905408,1077.44223315535,2299.21887729374,975.963438010962,1654.03756736603,1282.06656640161,2894.30659034277,158.91354254143,15849.4365148614,249.223408555955,2207.35332226571,6092.00997228679,2418.22299021441,12600.2817963239,5722.41332173668,6966.73499230797,15929.8431487989,859.898316244876,1952.73850578368,1765.60297904211,244.477126995043,136.4412994824,696.292421475588,638.44611531817,1303.60820867586,382.548797290476,1230.52634270897,639.776828674665,951.82374125876,91.567420872513,134.518938287111,2864.8827275828,17.2088406648694,96.7026497534027,146.549957555826,11.16573609412,100.698071753711,54.1425197409057,51.3338345423322,220.80475297325,15.7383311405678,342.950249151363,177.152121006992,6126.17713635094,189.926663948121,35.8998215615067,109.44281366424,96.601139853422,130.011450447579,23.4895707132293,81.6234433103664,2574.02669797785,1397.61045541289,870.958995140131,1124.65337106802,3927.49930692794,2733.84427760364,159.417255517607,632.729829447468,513.690480829543,307.365588375968,6142.07250860154,76.8679211097044,2555.84546963511,882.435075345478,11.95757903299,22.6477936306373,91.0644825602273,17756.3288834778,8.85897364099488,1186.38782542969,232.310134628315,159.316527387202,91.3945713764838,16943.7163681204,2588.34392103925,7442.34716105954,26189.3656437025,34789.6222255536,2290.64583380246,25545.292616381,1893.94161741391,1710.088846118,2256.78374897823,349.033306269328,6767.13764947919,3578.94966810553,1168.4687760446,367.479884690403,6081.00211270328,2819.77024334328,84.8383256740318,375.955587054911,19.1385348720275,721.866950404698,78.2416538459297,6871.32274533897,5764.44939850062,58.0394473049251,15.1851201461269,79.5321279030555,14.5784431914614,19.2463223402107,30.2345847453359,227.364214110469,32.6079082845609,783.537549489858,83.8060732864041,161.63819055864,2158.08929352225,549.77411156347,672.513616198226,548.995931978492,3656.75874876234,124.319452816916,275.490593508589,11.5430548791156,94.6886335611452,135.008764179864,209.525140111535
"bin_m10.vmb163_sub",1653.65110486438,2810.72938725073,3878.9476407448,951.919152583681,738.34648805354,184.854374502586,316.481484164975,204.767803534681,233.122488653445,501.655868047,435.833844881676,170.804255618336,16.0742284292305,82.8497347566167,41.1564491527225,258.45458938414,84.6452254537009,1.84064426025882,89.3992021335118,116.620001150355,16.8187072787906,2.93884083610356,20.1320511064339,133.632779151502,117.721402315964,240.058922765928,116.433854721393,423.918970763878,169.97385702106,311.964976364715,295.415009302131,255.518692767599,364.385040770798,828.847334528668,489.94253637002,108.655578732578,105.1823870945,153.457070758497,200.224999284576,86.652245950484,559.193608092609,208.041751259006,121.116806301136,698.954337187795,431.562181390882,57.405914287825,23.2175959534622,21.3788770720925,30.4618081577533,28.1764078430419,32.056722782955,39.7963543819694,216.321228648444,213.358718682386,104.117575020801,399.521002516155,142.315345580715,324.673775221662,48.9354284227461,53.7083507804595,50.1995733668395,46.2206108172649,27.5413618650415,115.405792453223,489.18452743408,180.405191109831,321.688494322782,426.825487675372,311.670938592179,153.04710024905,122.479481521729,319.250835561713,46.8205094277752,125.913047403523,125.312322822869,267.099706128167,4.02002170358515,179.165748101659,67.9283190799868,202.956494634484,4.49826275638251,118.487143101968,845.43195986736,1868.37145394357,38.9750487555066,167.231678223259,32.830771688521,39.9357219623246,42.2528077275724,1358.00607060415,5.85576079765791,5.0029345473343,28.2737680086151,83.0086793054838,206.497812284593,113.931280082644,73.8699970905831,95.0897185673506,101.990656659933,574.301547757492,261.807806587869,395.072886770954,221.466007795766,107.016985057677,32.6069887475843,255.114346176875,236.061748657318,619.646625449448,66.7576595894219,571.026686750939,156.625675342986,11.5535326429498,8.81426885177422,3.74008185350621,35.6737900798384,2.68901725778997,28.2227582650094,29.8054574343221,29.4130121229845,43.4279768049849,13.509320130122,153.494962972614,256.367721946515,0.181584106470256,112.311347531614,330.671720427932,4.64668083993311
"bin_m10.vmb169",934.234956868215,484.159105025094,152.194709383129,655.37326078575,304.724305526981,1549.32167105693,166.872257915486,136.868962983208,264.237109354365,330.856235683483,214.097339301779,715.933838673081,637.015748263948,311.892512003017,740.508460771418,9.48964843733477,6741.23746395015,191.709371414629,262.397670763361,234.1303118002,675.97157699082,62.0141440161745,98.7032959084245,572.393725714348,138.264998246037,390.117522378812,347.873863709224,848.512745349637,95.4047945425749,149.352625977789,128.258840131451,312.478610266796,961.334910607302,1323.37768098211,139.414088932844,130.244665334647,249.159045751598,232.481117099174,112.083104885603,102.589455203107,379.640164735932,45.6941806548972,90.9937290973831,159.702386088767,59.8435569994999,210.129252293606,44.9311344291016,22.3791116627034,59.8746625875534,34.8487797004692,20.5550209529984,39.9538371185747,87.7810418564578,88.2974943854199,48.9503209160835,165.370483571778,76.5642888532597,128.023830374694,63.8927129765529,106.653656929439,273.336932577543,60.4439153419115,42.386367866472,88.0023197025056,526.966208123631,100.677165536903,278.83632897667,643.950077974913,93.7912859945061,33.0407279021527,153.379582108686,21.1837613149186,22.2939600476959,44.5423047685453,13.6677595670659,7.26446429202045,51.6510250964416,17.3075356509273,912.575975438713,32.3428187379684,35.492134279049,12.8958333966787,87.0745527776402,34.2285455886883,5.82261559725679,24.3164765335057,25.017208831705,305.328360427207,74.1940268475099,186.14376709288,266.139916703329,1388.4655260879,288.301872876601,218.39781285799,572.185700932427,935.240008331137,332.26391544806,129.865180190025,66.9707638586887,245.902100823542,78.2625686833814,197.941259400431,133.331714942171,179.541831919591,270.673769661903,93.1231473985173,50.1202926081376,166.081338880763,71.6715384180447,46.9975921546471,79.0154573477719,166.40634087429,14.3183413517252,54.9026652447771,25.2813855074533,284.652859402214,20.4350426594856,23.8156499345305,150.33615127985,82.3905284004388,39.7173850166154,517.754175268859,406.651667628482,0.793862365292618,314.7647898222,166.749752707711,1.16083949480723
"bin_m10.vmb194",3498.64623956363,10570.1106436769,2791.05202124316,2435.51030013668,1026.36220097031,840.127660707935,34.9779565416669,32.7857926472613,36.1266159017237,87.7391670977893,50.7514160766094,21.6767332464879,47.3743907528246,7.6516971411846,6.77082125191662,12.3039530171217,16.6780154798841,56.5736649664475,100.77964991135,59.4277135602501,11.6733181367466,125.072230190049,17.1379665778558,22.7164378876,29.6755795375546,26.542269242618,23.1738401301587,42.6938757329906,6976.25450857693,21.3564231614679,26.1144419006398,31.9103176205592,19.5595100278024,39.5395917134977,17.3053732845868,31.1169534920279,31.6658862449396,35.9568608739591,34.6545899022128,27.1247855845113,94.1367716387084,356.003376200182,28.8255015120206,697.833248301096,1366.93646256235,145.970168108065,15.4803145747222,27.8363962475703,16.8347659136793,15.322727379738,94.0607160960906,7.07106251480421,198.412375094846,3949.70244686372,1521.90923085892,84.0493476034524,24.9150936557698,68.9754683043826,29.6370664360769,240.555199931892,88.6767362925768,29.3862914717293,15.2245909842421,87.3285067183382,55.7113808760159,20.9299139386972,35.9011645334992,37.100617311751,25.5916230956927,637.273471195804,1218.88038418887,414.437197582604,24.9581733755478,58.3288114963701,17782.3980137411,31.9046889419443,0.862036490688576,57.7263395443406,19.2788763140833,54.1665915942343,64.994890707599,54.9148715606977,18.1218010513205,20.2838036933141,3.0984177109429,5.23461932183147,39.0739250707352,239.74076530496,158.459425299359,133.802339365243,28.933066813981,2678.97201650764,2011.30494041977,146.367724095132,543.735674895188,2724.98301975486,311.442293869677,270.544272501689,210.750922461982,955.441322774966,24.2644986128886,1333.1461393654,180.612127445604,2251.36890451824,5339.98300469986,29.782542978279,293.343029167482,427.305363700727,20.6314518298039,40.4776261246112,16.9068327220306,20406.0795055982,529.856524773166,8924.45112208712,2844.60768508287,55081.2703689094,155.99362932552,448.090273763943,1629.99707614598,19.7747170337734,44.6321874872472,682.588796795025,3.71621902614661,1.23304076922851,905.61034975106,629.523336849272,0.569379789457851
"bin_m10.vmb32",23.3949131258672,325.02984222089,11308.9615494472,2375.07241304363,1327.0136596133,278.184775919552,49.5365249912496,41.8989159547622,53.1641412749477,123.46130010311,61.4197500827694,28.2688259247592,1.0072906726837,0,0.602123377584182,0,1.27757496198644,0.598770410063689,0.819890249264375,0.440826918277412,2.19046479354801,1.30018587509439,1.11893364885953,20.1236580511266,37.4303499720328,20.0112152565459,20.472066264861,44.5642356352449,0.222113963147566,29.1121539955261,34.08703537577,26.2050363082843,26.1796635777686,44.5415929190676,23.4661009338143,21.993179374649,34.310808045238,43.1130049064755,51.2369953813984,21.3870082606584,175.848570226993,0.55048261210024,0.557545447078318,1.57332481117456,0.700915484070709,0.49915900847946,1.03546388159797,5.96696020868844,1.64350566013063,0.561313585934293,0.664798116129997,0.781537875311297,65.8529968818029,62.0603304021874,24.3379061040059,120.641890802202,27.6302254035137,69.0160792951508,0.365705141277005,1.11540693279442,0.596589016377053,0.5044902044374,0.711723046213196,0.418227383274466,69.7587733597011,4.81580111151964,45.3015654943385,36.4279630361181,10.6647557045003,16.9080825086766,21.7608791320429,3.5849124973398,6.70476719253702,23.6536867551204,5.90706774259408,0.914227211475333,0.55578624873576,0.70370676045327,1.55372401026292,0.538314756263342,0.88843606454306,0.635553264263238,1.05682464871991,1.08645551546987,0.31267760606308,0.512650524047786,9.95299500315928,0.133364609729744,0.770326479280828,1.54739426128101,1.21437826728214,249.117617918289,98.178951463317,22.1230394563426,54.6859063075755,21.7888414663557,12.8431368438766,26.1015991020135,20.0058447323564,94.4416635241827,40.0772864904215,39.9591933159584,35.5142740401465,22.6941690712273,2.79000716475634,30.3330881563349,3.97850907492645,78.3097310163739,6.83670331366698,15.9858590300914,31.7149965926171,0.720599248066404,0.430098592819314,0.630589382588159,1.3512502503375,1.63578290582457,0.736212158985092,1.39868452306242,0.37307178361872,1.11187313468797,0.434354611926765,0.154562093194725,0.74358044679932,0.502096539802925,24.0965063666371,64.6726402421115,0
"bin_m10.vmb68_sub",7414.60991590966,7477.29548857829,1224.70726158387,7310.87047566465,4015.6095510604,17695.0153708825,1009.0774845522,3661.37066217648,7154.2836714926,7864.74829983442,2263.82719571728,8561.14779654011,95.1925939195408,237.983152132013,180.309672363088,94.252112538817,295.365273226966,280.681101135947,103.781226912799,250.718299078964,281.832168622689,139.842222480674,283.956811261551,376.634831521526,67.4046296801152,172.559304801546,330.19313547098,210.245628089748,156.437855740763,31.6480824467133,57.0309833451238,74.41939834024,55.2174663411392,165.70478296349,32.3715273683809,2560.13044482295,9734.10931201113,8475.39731173286,183.217359312691,26.8279583501906,61.2889110686281,164.845516923139,28.1928961327064,149.944077515832,94.9354260704041,101.904509774738,149.003193417121,49.6193719183082,203.075974256385,210.387613136798,82.9491754856608,43.2659552696941,31.7357859854903,212.581012022692,212.847394269819,146.283577359733,42.6332839453125,118.303825482889,87.9884343103503,87.7419049141891,118.5139095377,158.941173034991,65.5514935493997,90.4288360243167,177.09770679403,129.812745101384,217.910778567799,153.24684193331,104.469950512308,180.535996293498,16131.8254506723,263.084210506793,17.6521780499555,18.7186630970953,219.587966810102,143.1548784324,3.46736926296319,106.751109040384,195.479083765487,13.3892921799756,206.537128237868,73.2483366280646,150.255205594244,200.130604433734,187.009922651916,128.772028666644,133.165221550669,7490.46400096281,4885.58605744709,7594.46780103213,3139.40051405155,10158.8977828024,4426.56820883567,8779.4705515666,8284.27154847968,1617.2283401704,10794.9489271445,5381.89620895174,5652.05573175633,5293.93749061683,31.1670658606999,4312.0016426172,9644.42716883829,6706.05614824933,9587.68651572949,65.6549985040509,20.2273315601829,92.9389135617718,22.9852115822018,35.8574698700296,47.3099020422942,297.714125199471,41.4843790383909,178.771134091418,111.642170713779,349.586272496208,152.777275481386,155.848058846466,238.945755376444,145.997472631783,210.615395276692,291.943166888704,152.841394346616,0.247296052703851,191.048712639741,214.321364340449,139.673056956587
"bin_m10.vmb93_sub",3085.5959214958,3772.45440473412,274.549392075483,1431.39184346714,701.872928407298,137.132356893114,3809.81947972959,980.242891660632,611.490944082748,1539.41185809653,14336.7567434978,698.083772497727,187.066536206426,125.379650369796,71.0074495351655,511.720740906622,78.1679280972693,33.5333325295405,165.867042861733,56.8800962996074,248.091718591496,109.864288520595,92.4782641700364,32.5328396111572,20.9425764651086,78.3652353533501,129.19177793309,57.8379339491201,749.858734940189,163.446353320805,25.4838957349972,33.343412975726,96.1480792477772,182.738520243616,150.273051943975,731.151403948887,156.474448137263,110.171766949281,522.116534201024,2083.03747437087,389.735136511751,2188.45435566264,242.093689778638,1169.90923056653,21726.3897776803,1736.02566421218,2630.57237008565,313.185300579487,316.268788433752,911.549699084189,859.65083353295,4870.34974620557,878.623378693219,4288.60261536412,152.523471936652,3415.76533940853,12464.784226412,6339.9821841288,2106.18671247691,532.914316785852,348.339621430621,3179.8026990383,3889.8611963266,258.883072368929,112.216991252977,203.068932139451,167.401955790496,147.444480828536,74.0967252538113,1400.98225285251,1539.29762699981,506.222124228923,686.922340118392,4857.36049404882,972.440343327415,171.765727862087,1.46260498382206,82.0610798313394,70.8720863313397,297.093258443308,41.0319873499994,156.955507392259,70.918961282101,79.9360122909396,98.1238133369138,86.7632975264574,251.704777751161,620.67594516037,2953.80331556166,407.975208714179,436.420052040776,3347.67235884882,2004.02908995008,12703.8202794448,34.5228211002725,65.5147813290741,4758.5148022924,27581.4955270453,25023.3095026641,954.215990275973,1139.87877511145,526.262036117039,259.433138230277,168.906181156367,126.290193437727,9620.00834752633,626.163344765044,1173.16393716165,3848.01754544464,7920.69284026293,1035.2266873829,385.665350615745,864.871691259653,84.6322879823854,3040.55524967617,30.2308751753694,13746.672650352,2987.05337235262,999.274417268301,6123.97405122524,124.94921030456,357.223812169739,35.7116635657903,1.98197302419598,3400.59923128527,218.975836234462,261.379215024156
"bin_m10.vmb94",4019.77334282942,6192.74627760027,34489.9380183679,12622.5284185717,13185.8771987809,24665.6269147923,137.665481434426,89.4504302646176,276.054745308701,345.00592313017,271.698157643091,301.912473109893,262.919593296316,834.160973818215,379.558745035218,95.2018331736533,1111.95403114188,1202.27734604812,345.517750460143,1354.49354316316,1413.37402675321,424.526307370977,1166.55094714914,769.558448670606,162.544461312444,607.3498671703,711.755934223645,635.322938351993,33122.1728290737,62.5039745964372,104.638728043663,187.072986816089,152.866859444809,385.583969703232,64.5131148954221,117.587936355635,173.68196422615,203.511554378717,336.329729685157,51.4849948579738,173.610939346525,173.225892257812,22.2078718112517,146.389370217538,112.811192652524,137.137277073338,1043.96181712528,138.803007158432,706.810524323283,1176.88294856043,220.393154906711,25.288611743875,96.3060035763589,899.423057057048,876.760889795216,560.022616733878,98.6121683295132,495.785636310424,11428.8358567888,17543.3433968807,31762.2343047441,20232.8933837476,3563.49280547667,20028.392553948,561.582627992309,672.719101732544,1048.20577115177,408.46747852291,353.415812414032,3546.17990037276,1530.41319597603,4236.80788760501,75.9446019100272,169.139519502105,31556.8629569009,179.022262169739,19.4016676798875,187.310807263837,1031.56854107243,47.9732051541835,332.923101969903,185.276228413608,1052.37279080705,872.715595968254,307.792055621889,236.431895135545,373.436419336435,15110.9606528119,16260.9640499527,95454.7507383538,10497.8949790097,42045.984623269,55189.9115370801,269.370566722149,2628.65866809117,58943.0855413577,516.757497399538,208.742313113618,132.357647980809,664.024032702573,147.833591360937,30361.4129067184,321.145847949182,2847.83689570462,32472.6503043897,132.040748586367,71.7681218831808,429.116150299144,74.2317600899173,114.556445312085,120.81781928801,1450.84937122786,59.5270542363289,539.062871389437,107.039905094518,2145.24602928404,10182.7453285617,17727.0114017493,14733.2981783831,2680.99067603726,21831.7672081511,50785.7541621496,443.603303872381,24.1002302002351,26107.6123377293,6238.41144284477,312.240137863267
"bin_m11.cct146_sub",246.488495074815,333.446051847593,356.06522626032,409.134434376693,375.990358404141,295.619912091963,296.530766262258,280.430779000777,369.071588584965,878.65923895142,526.837660260981,271.909437594093,82.6608065319658,180.333730927732,335.820515536584,43.8561479750964,770.955408543809,112.166571668034,2.79251907085125,133.628329380852,13.6300348166306,50.7880988044366,50.9728071104513,202.866143639622,228.223661282863,198.623775573571,274.596646669821,542.858893764409,21.9388715476305,330.740100863004,314.875415059356,464.213082531687,350.374126985381,343.398694221229,236.660339064592,174.64609233456,230.61493670643,281.703765019513,503.45375808912,164.040018544226,1011.15782287511,37.4985113883516,8.54541608286281,61.490993782393,41.479249855837,51.7473742853656,10.4333190417121,49.0357946587914,13.6444569273371,186.59319358649,32.4546856633801,191.789329672976,348.344483073331,406.441032598675,127.883637851821,774.357342103611,170.845792303419,529.825046132153,28.959726057354,24.829434252766,47.4124573393267,68.3015087677532,26.2106369876289,65.2584693144926,713.029683730978,107.641139166811,558.054646007145,345.863579733128,100.532551735708,104.808463115282,176.926958264356,29.4152249940675,43.4926100398219,143.249455356335,30.7923086317889,6.40729919036419,227.474247908829,279.027693768601,248.720831683757,34.9507554838976,390.351916716405,274.237060975417,17.3976306937775,397.693601947004,1211.40290218087,449.394953830007,560.274241322303,46.3320158653812,101.723287800272,152.291839269286,110.813875523805,102.440149677666,81.0828677773589,178.839324163543,417.36943957589,176.833456056021,129.655139122866,196.051577220891,163.299226184845,634.010595193785,219.121490663762,369.720936119914,356.736923243261,203.710582255223,155.731291169432,271.371657787319,94.1990146347367,659.972200548387,95.6733833274059,199.257464305528,323.156212626008,293.395560030244,46.4495876463581,65.1847157072885,32.1203140826053,614.629197381487,3.86575115552112,7.69548751503631,115.440383630063,13.633211236222,23.6703590687844,66.988647252326,75.3451596269155,1.06882762972399,167.947139491554,441.257836222028,0.15629123888087
"bin_m11.cct159",840.545562121973,1607.00351197807,557.075460874134,562.911255765271,1127.93049737312,205.051347032202,1273.24072660037,2401.53054433899,578.028993260767,750.702012961768,5767.58019486904,7725.57111891247,132.231240394006,104.927199223424,77.6987650797327,21.5841495590924,100.005919814699,491.693324780443,526.81244958124,618.035255419184,195.238702390906,992.539909639014,895.492842798447,93.7166780619033,1257.6795900373,266.192064148727,180.061279141847,376.67821461276,1082.40004034021,375.848737043428,353.994775595047,922.88983727154,873.003804512765,466.770611084098,117.923577123568,1020.70155256216,791.299700688756,2336.65829101962,234.2871063035,3713.4795706748,4499.0722923151,247.154748215241,873.563735690847,976.024483776152,1861.17176605598,1818.04517429274,539.347520983362,1708.23115630496,610.387436561989,358.272080380462,989.852084599998,824.891554189326,2797.72219231507,262.83208485549,321.28033469453,2986.28186358354,1689.31336625664,3530.60973685451,189.349235958394,291.520619882451,852.132614894706,273.760981250068,1137.77377314242,287.014787416303,841.023195759651,902.678031138114,739.49344799863,473.926734925453,160.148084175298,77.3212845985866,1599.87735507813,4056.30869492322,2381.19468672659,2555.72523442882,35.4546384707864,73.7237751819564,537.302501578183,76.2355327742531,145.35392343951,114.602600063531,1096.23280807276,165.296056603073,265.609955998339,105.630973385025,41.7377200468747,97.0427332065585,71.9099077339834,58.597767641478,821.040671533218,1891.23129770039,265.168024854901,302.676352729607,215.890598684934,2258.1704025253,1745.9596458494,3695.38650444791,372.713247348055,408.988236607316,413.906151230166,1001.84346703316,4352.2398424036,1466.16522102899,477.353724798184,645.621356304016,123.010211112545,419.085430603257,2208.02298425647,1728.63800206202,680.762033634017,406.384558850556,518.101853532585,45.7890736234224,11.9639439579307,242.569421982969,201.626909964097,900.871403642764,246.337186655813,218.926353919501,687.510600010685,821.260586562352,961.993002867433,936.255933906027,651.18221372793,1.20479457536065,2961.64961085469,1309.54906852956,138.10025287306
"bin_m11.cct57",11.1040239647057,11.4862571229434,10.6465245983546,21.8867969736899,22.2624728784152,21.9560250649739,26573.1507652257,54934.3391174443,20057.7412619298,31455.5308913256,23769.910714075,31359.1018454004,127.480408341676,37.02883160312,21.3451505542757,9860.50628840324,178.969249072512,34584.2718279582,21677.9749079033,9076.8412683401,4787.87642816227,900.806796249032,606.867530340571,7641.18578930452,40749.0035686811,19626.9862253216,11026.4873859312,8783.1863394563,24.7465257411192,28666.981143181,56210.6420427807,16789.103481597,20847.1786863926,4026.43639172506,13867.7987740954,275.311391340629,219.317077472729,182.977369127736,148.522720690292,168.582376795192,421.488441289735,512.630798307544,500.710091616625,617.069298671137,879.076002356834,807.459773152198,784.695792835308,566.848341678221,238.809927540775,397.094378559804,1148.73809393732,1437.26871512269,66230.4249488704,61298.6763238871,62088.1906510134,87988.5688330919,85784.3922342574,64420.4435496344,8.97519630676982,7.94543373665088,9.4511829559203,6.02686761048317,10.1199003084753,51.7283392165836,28822.1778671301,14124.5094576325,16521.7565927399,18352.6669581702,38468.214040882,37641.3970630029,23.2915284223745,23853.020969885,15370.2064233124,55552.3846660058,13140.2768697032,18444.8435482905,15089.6679608623,24988.4774441475,109.485878928884,38518.1808251566,217.210820198881,133.94347428722,8304.43100182492,12392.6804245309,4.14140817267259,3.39502258691989,51.9809922441807,6.13048658807206,709.555688083635,111.718953699386,7.09606502312671,4.59388443527719,117.483778705562,29.6251011376633,596.493597255525,32.0069150679601,14.1689184253083,36.7543866572418,27.6264035579523,604.485358619047,52061.2265630973,492.974858730389,30.7564183750364,21.7313282813357,33.1781412758175,37.304116978482,54.9950606418307,721.489940720557,56.9713277807879,87.3339710255623,45.9907318847677,2649.1106620593,61.4902737971564,65.8345375273097,59.3944064532267,60.3633091708182,30365.6388879863,30441.9155944331,22308.9321551945,23781.0794394609,19229.968614358,15.1731542320008,20440.8949011242,8.60621607913057,66.1210519029335,575.329842082444,7.00733072644158
"bin_m11.cct89_sub",359.108075678259,255.647990799643,437.49894795333,328.088886463052,231.821735606793,297.50079584288,1091.80376480991,768.251524205055,3982.80004514798,4076.82365684179,533.726513589969,1089.59431594045,28.7948461171356,10.6023764061462,43.9812540982872,12.3839850731081,55.4049030039751,32.2870373006692,29.630315954068,25.2033372696089,32.2189721792542,31.3252644181165,31.3444544794636,152.137740043242,189.537770852471,127.304263669976,139.439939127048,255.638625289406,191.290322738339,213.839196516358,269.327711465414,151.388891509843,178.956284453043,340.062261761366,156.483001892426,626.603824852901,405.590404487287,258.247646254488,817.812027448846,200.768234851606,2311.20037605316,471.037411863139,127.790173230058,3584.34103953324,1273.63545487636,684.824951762423,113.121010082127,179.476272777543,247.794497687131,410.776385089272,454.490777334289,733.932985865394,280.975682729461,323.870270598431,398.789584147259,699.29226573344,383.367613845697,501.686692487883,94.1228096157858,17.3062268448291,28.595032607108,335.313672802123,232.035358241025,450.635230667817,441.591037133961,34.838697210723,257.718488305857,178.694434126055,51.578510743829,323.837706871919,207.321630883447,172.409609787854,135.570178461342,123.388951475565,49.8087081166386,32.2193193811691,7.36832264101561,61.2688776362311,89.1279440566972,16.2634293948947,19.2984872742588,46.3015666671417,42.3019200173324,36.4707994531946,33.800266790361,29.0156212432042,64.414237025265,108.73680079429,346.736883916894,35.012799517627,25.8522266813221,209.098223988324,304.542208416932,326.679188190459,320.466747623542,920.149708653302,313.632870491372,385.083907189301,115.764197991878,559.216452667393,214.573011874924,742.955149976447,582.657068417917,553.702024502384,548.256462256288,2309.84379135155,1309.95381929296,4994.06120957648,710.359470329973,655.241526170025,358.753491260476,79.0905241678988,13.3229927940134,35.1120981294614,364.312151217899,26.8425475669019,108.301954018107,78.8352908448407,632.21166979297,66.332839376691,625.400422308755,136.422984916687,43.9818445606475,0,475.592108811855,457.126223272337,57.1383054278669
"bin_m11.cct96",126.947300572545,148.104763434373,200.483371195674,208.382032596637,214.240771368022,214.198576163184,608.134633109551,262.178545663917,5777.92769212871,6607.70655275266,325.466500946048,315.773566477291,2.57219121503096,140.37066740278,154.539417922988,2.38482903106066,122.238492738838,5.00401478330212,2.13171674732369,214.002786983552,57.9534970369157,4.46707158415365,7.89648238383149,114.408814964019,176.763092100989,115.060063341526,115.979756988899,293.730690159079,3.79497945036328,163.560260234246,200.502795660691,130.799102739317,142.540708648749,295.040304070139,122.401160558529,256.153465905871,222.451057945561,8917.95653803555,306.580022218257,126.231211903468,903.708419551519,4.08930343116895,6.48877340256944,30.2707991765691,11.8454833457917,10.3825176006945,5.51261790303556,31.1313074401048,14.345470674604,7.33878142477747,6.50236512010456,10.4502881666508,282.980013840408,307.91586140312,116.513011261036,602.019857800801,136.621731222791,431.952579699732,3.12416985490551,3.55109495649657,5.76135103172231,3.372880688299,5.41926796000499,6.13599922283335,398.978445782601,24.7440691257628,274.37942871527,178.845432238012,45.9339021269373,87.663673194819,121.867079454552,58.9912675508222,33.7781279300689,119.840401921105,27.0243469820125,1.67173140438598,2.89009133948169,53.0595419892636,83.1021203276912,3.7989678781424,43.8227866358452,44.7339145241004,11.5143675116458,93.2628129157755,230.881371680468,123.578192306439,73.9366071192368,12.0866559614303,5.96086553114297,40.0407080772893,14.7344708196553,123.484966191187,50.7323348656152,132.91219150654,327.679192372281,287.807534005557,98.688228479956,142.221356445861,108.950163785263,543.133916344415,208.872174890398,268.961608876324,194.134108985575,114.242523382663,26.5617334653985,179.355976548204,40.9951845711758,434.194863889209,45.5978835255772,81.2665744023083,179.910703294841,48.44490572677,2.71576807476198,2.90431738787107,4.26609427715839,63.4089561740458,3.28140599717016,4.23602015560888,62.1346337899109,3.96462582447665,5.16261990000219,64.183076419196,2261.4215720822,4.102850051297,122.33312965539,364.668032279819,1.09081202555166
"bin_m11.mtb101",1215.40185253277,5554.37253568486,1003.41156879258,2152.45257539503,17210.4606085773,1924.48676625425,4298.87732060336,9013.24114130935,3688.20719703236,1673.38581425566,2743.56865079365,3862.48943350089,7980.89498796699,708.291295852554,1623.56995818126,1420.49719374448,2362.4106586173,649.210146398009,2376.31893136335,481.650640975898,1029.93759486982,2423.59304050797,2683.16806860699,151.58623730789,2843.85634504755,1753.89065256936,515.751674668415,1013.92713419742,2714.77196417326,2942.98817278653,2481.52534825426,612.757774597897,3656.65698698451,3423.58716602195,4401.69805275424,3854.19710393353,4809.05242304191,1318.46411219359,1425.32087689841,1423.69552012066,602.96118482302,1872.88178965541,5150.66236530458,1698.93342048546,1897.03053653601,1617.81115673903,1497.10860796041,3275.75132558026,1325.17782959603,1390.58516661284,2146.87927271657,3845.7118570566,571.350471054757,300.508340159484,144.97336188377,590.307691907587,373.411779808592,600.877535158885,2392.57570036938,4718.09874458583,1299.40595726404,1239.28854432285,3114.7427190167,1336.10446783617,2552.33113176941,3692.01326611053,741.22926255155,2096.90602166547,5438.85513005022,4240.21877519991,4792.51496187796,624.497078526421,3573.39906499675,2328.48809294131,7425.42032969915,1346.64420251491,4217.49387810861,5398.59687153601,979.73582333614,17541.5825828771,474.720960726975,2833.25307743842,3953.18371309678,4227.19038710225,158.663088426602,292.093483225376,214.889333005651,618.282427657614,2650.57896375845,1125.29959606798,1006.5060981252,3077.09147292248,2180.19746660529,1360.66939539139,570.278560661427,1388.9025679298,566.683221698672,1017.41748583102,1428.4208669653,4268.1100551969,16378.4292239054,1429.39069363673,3359.16821205974,1796.0618684864,1225.50749123422,2029.79695032003,6910.85869827547,2482.76026697995,2121.85419263072,6157.25935017693,2742.39488872623,536.030650819212,121.537806026024,1787.23502126641,1819.91697913481,613.55675119262,3786.85946446645,4931.86131864781,1317.14623145099,5206.94487445818,3772.76834511112,1513.86361325191,1560.67369352321,5.20643910002037,3582.72102594632,2447.77006401158,3.27234423576067
"bin_m11.mtb107",145.944834477344,133.611892963825,154.996899785333,187.768860461196,82.5031946121723,278.135529981819,1653.15100479791,1902.31165450212,14087.8260447795,10371.3572198018,2203.47917749974,9172.08773324504,106.355810491092,254.566336775617,158.373201471389,97.0794038603932,179.134285848003,271.104407688363,131.563340274439,197.861991279466,282.119668368673,139.51453163319,200.780311765203,289.469001936892,56.5244787706764,164.443530003408,236.521571523382,129.355158518539,5264.17636374913,34.5777368895922,52.9184612336029,57.4198150917301,55.484807289476,340.86371903847,84.6775991825978,87.6885327107862,185.803051931754,144.159768504167,324.308746013132,18.4755308600812,102.314406711731,155.775757272625,9.24150632365748,193.837975502997,122.332045061228,48.2543596382706,240.736010136319,30.0526541630956,221.786606057906,200.37801466811,87.4290966795555,14.4201338617545,193.559812376912,160.917860845824,325.013818198352,211.318615690607,25.9167584208859,37.3341283223224,120.834958647883,121.250955024511,165.635169364414,168.562282101871,76.1375573491859,116.845097000431,487.2239223986,109.888668880986,226.088820058658,3569.16331585584,7786.21323813868,2936.32745967058,133.255885533604,1154.09235502511,10.8475104006968,17.5630671603538,142.814032234425,217.825740311364,48.2436067099093,8122.3364251541,152.374913147258,58.1152864532495,188.804505589315,536.532427127833,189.923648510706,9875.53815936385,34793.9035842898,25998.3924222263,754.621425226484,265.87849168623,83.9187909513521,219.784781415084,125.539740650396,201.648033800897,191.374180255738,83.3210233250835,112.86621253578,130.013727626029,147.357349238924,69.0170962890792,34.4843789003526,93.3021564957889,18.0794892574025,164.502902341112,117.479204180686,106.677388970878,143.683959951469,78.1405446332388,21.0766961404243,78.0905207787645,15.2671758567621,15.6260685576702,25.0201020941455,96316.5219637289,216.966435172018,3983.04400979421,6504.31817781409,37281.8996608451,3481.0572250108,81.9406776105257,179.899536775266,1232.94540364097,4111.28953032867,264.653027846219,202.715460864351,6.07755797839785,2914.57479847223,5385.26867609781,213.648722673893
"bin_m11.mtb133",24.0383999781117,29.5583309017005,39.8635585276457,35.5325489999036,33.6571067940436,65.2161057987365,6571.74913715767,4812.29399365824,7885.04001079846,4299.27334566789,5617.24414506764,7264.40350085397,152.511144473444,338.575050119954,15.6908569301021,538.972099940167,23.3469545950488,17.5786054700241,23.3940767861398,35.4079801965401,31.9035418144147,18.4419984562769,26.8516769762252,26.0852310454255,5685.5274820344,1150.79473251495,26.9408544380945,55.6822296494665,8.0593984690688,65.6639825110503,6092.57910538518,2925.45141204534,72.4045175178927,202.880644079889,52.7433565558024,205.335168036601,386.926961908624,175.447175926953,180.866073621858,2760.51746280898,3040.85056706288,38.0418575517029,18.8818184518714,18.0605810123296,26.7043321103084,10.2085646848976,529.762038570316,1352.89604167601,46.0812458263242,60.2870498615926,310.66443474482,273.681235550655,191.82630515783,89.2992388486622,102.513728421615,709.534847647549,405.937881867079,173.881100187179,19.4218691591478,25.2296147483759,8.26530008448616,27.4026468856094,248.505481817881,114.091175909837,88.3018504304264,732.456856697288,318.281951902317,2728.50196762351,1319.3947398984,26.9916534113193,23.9038257422484,72.8152601454863,21645.6886369764,1736.88568539478,5003.86031535479,273.12968569592,3.17778103081469,270.969676222321,25.7397239285346,341.822857815618,143.71785386782,56.7091718561527,37.1848248022995,801.978984354679,24.9600945595387,1.86015088386546,58.8076845582751,9.50229330722899,242.24436704374,85.4968029972952,9.21331467613812,13.9139810501182,11.2450135716392,44.1503601526965,1949.25982129356,165.00935938573,25.9611513291458,125.199895304343,97.1219489495992,89.1260193283836,42.5824075695496,54.6485398910064,36.5914285424651,22.7506724004748,34.7300137582269,660.29137670327,252.058630091385,163.703312027,296.506874231478,303.428441690692,250.177769885327,18.699010907864,9.22179493071927,12.8965167259438,27.1151170536534,8.53525126574964,17.0804091011996,15.6867425295248,25.2524687305797,59.2694197331979,9.16977106815081,17.8445301381664,19.6223957357586,0.993739518431726,33.8104372211376,89.3784776859825,2.17967017517147
"bin_m11.mtb193",4324.57308948943,1881.69851005952,4531.41061820451,4321.75630286721,2712.47253104235,10946.8617828366,9668.68154256795,4633.22141716851,15733.1325303805,15588.5956244063,11014.7667662101,14137.595357126,455.171882650761,1863.81398824811,4851.83358886801,746.789100940921,7087.99830326522,2814.08190880919,796.005448846223,5301.21589220324,2249.3059523922,1151.85225004609,1424.60704720098,6562.17193317813,1203.97668897747,4786.91253762428,5652.60768379171,5034.14658903274,983.71705220472,218.312236839232,435.205789838656,1069.28063015282,1112.03977630614,12398.5820227527,4581.13500944187,1229.15827778636,2614.46260717945,1593.57642660838,1944.15306966889,228.333831416162,1224.16263523669,3133.95724877508,380.735207281062,3042.0820547172,4198.45342752209,3169.87241436177,1174.05429069182,168.225915938181,4069.79851729405,4411.58062951223,2003.3878836077,160.535583766374,75.6858995818762,1058.50888172528,4845.9434070668,697.246479653262,98.6571671543135,219.490580368758,1047.27428882686,623.356191033829,1007.80375605614,3038.24180593108,865.087530963859,839.648090507963,5123.52877378286,1607.37366145334,5602.1033700859,1137.27303718691,2069.68273492,1462.97780327758,1904.10777046445,1604.83149205044,41.0924158723383,35.3509124427681,2980.96526300904,1989.94859902046,39.3824078409398,1964.85112933363,6881.99789954882,432.802675124543,2487.6749016877,778.970110778785,1024.43285734444,2248.47680207968,2242.12332863963,1526.46442214079,1210.01080317319,2125.05094181711,1402.27567019561,7208.40710006248,7827.92487842386,6189.370356821,5536.97902260089,8569.58841376047,3962.74070370504,9959.12963669479,23796.5667905533,5765.3731247725,1343.9613497898,1190.32089828036,36.1277982476343,2684.66568588561,3301.07297243872,3451.59270953619,1315.45711504626,421.502249764326,724.762775596635,1243.49788859105,53.3487270617369,589.570984063312,1167.1776514656,1984.37158188205,190.868822918866,752.970299661999,743.620935047428,1625.47680046113,9387.78415418347,4622.43414590855,3175.6087246379,2198.80801594302,8968.89827127566,2052.86189925328,4949.7833867255,4.42183883086855,1397.85004842428,1467.40191472695,1560.40322755521
"bin_m11.mtb203",11472.5648663677,4082.77738900251,2303.33342039542,1979.92983797331,10410.7459641557,1587.86623851009,2939.70643742232,38176.6130477666,8741.50254873122,2200.12260478437,3837.45613162833,9674.04548636205,277.112029757971,4597.3237694089,188.423150263216,699.20701318508,979.178496645953,705.892877372113,3650.05971158392,575.54442801136,736.202938484331,1303.21112276007,1714.34081427351,292.41604513916,2365.99074777573,4414.61725162609,1192.15096131958,2414.42237238758,607.306478156612,5473.46680041546,7408.32803237599,6106.87922905485,6558.54222489178,4971.39991564237,1966.27349998054,1104.15967214698,536.917838474861,713.199870752147,656.568821244955,14279.2053102903,3276.08038881066,4138.64919335752,17405.5433288303,1571.08290438929,1168.51087051447,6552.21149178962,6390.3149328814,3343.53940502135,1324.57562023878,406.762572400696,1572.26389496181,3935.8452912605,38193.1772047296,2435.68129705616,10445.817684079,30060.3654479391,6480.83851218143,8332.00659724373,1759.34311712622,12068.885096809,3144.39772359257,873.336028268949,2438.19194871409,2236.31908069007,1450.09451987267,365.695768144628,754.271548389317,557.991638372333,1104.12308874986,4190.6601940052,4601.62218721742,2163.05726335452,23727.2275335806,35216.5266246899,24402.5963990186,2957.92584984115,16787.9275536527,2442.0075375707,265.18925432795,998.151491849746,900.327920749705,7686.83525188007,500.229916918369,2952.18587652059,376.873348747923,2083.11974072539,205.95033925631,875.034697245146,3090.37055989438,915.731182861961,1879.66888359951,166.313696895059,275.52880080911,392.955753175331,5052.40362339897,7587.6217504569,1135.08171868395,1554.38778828135,4124.62069931971,1218.01917851247,50951.5857761414,3142.90978931838,1071.62822860821,1211.2534900493,757.767634721612,5205.74062792507,3736.57671393705,3503.28017950667,3424.41323886444,4634.87819689524,2126.79809437667,1330.23692209075,4273.94199196297,1477.56277300835,4346.88243903374,550.447239222992,20953.0236057146,1495.23567992724,528.072715951971,22809.5274580484,2655.52238445145,1461.89376000875,2577.99933403504,13.9581329948169,5751.76362625399,1951.08655947675,8.66995987689308
"bin_m11.mtb208",397.236895626178,289.404489892819,481.139018409201,476.161705945002,175.836408605061,722.803366801753,630.540682008594,2386.57593934203,7321.51495160288,5858.92715882164,11984.2370081967,12450.506628109,174.60794558074,342.65607457106,238.946136112015,6265.96180474334,479.091285476797,879.476412467125,369.616185127602,1114.26312040941,1231.66507087933,694.747242252903,1012.6968865165,702.652316281684,147.220393265633,316.936847964152,710.490523416992,399.484455270705,366.01734784984,41.648230575498,500.98112829518,400.075683212728,400.177617450313,1193.25596213547,98.9439547364771,1114.18798825743,1485.4838317082,1462.13097264533,1294.29856699046,247.710212116532,186.030301229657,8009.34437253795,575.984221266249,7469.01665103061,4106.98711649257,1552.91825379388,5391.39752894018,6638.20351643055,12120.3158438399,15636.2245080451,6502.80770270367,3808.14944136515,85.9722915897043,850.157990263363,960.67060095619,1474.12350618316,488.314673853737,228.54086508068,302.117900771312,219.031816046989,252.384311210881,466.402270572574,134.891543108186,232.121743771482,626.183613212222,583.195537899962,1345.8523866525,258.741760492116,329.157100772418,301.955278920172,260.419591551198,4374.65953549558,84.126640734361,40.9603062554952,605.321872021238,6703.57198568423,26.471553704146,11034.5854111655,346.636918099052,765.655292273828,3743.74328310675,5768.66522516825,4867.81855915517,14002.74709833,21957.5686853259,6984.28679185718,2152.57865000436,605.800161939041,2105.50326219619,601.112666778716,255.984631293798,492.496815515493,537.583381262465,192.305757582066,328.673892879584,608.464338113897,431.260748211761,166.300359768749,59.4873121490466,177.369105535195,9.21298057630638,253.151603396804,316.41322584955,221.817942032992,370.298291337815,11794.3660758291,5032.45484200515,6589.33444552367,1797.58613820737,1346.68465645571,1291.10862658375,568.776621842076,148.763512311424,277.706289340263,375.05116445314,775.426769584047,893.47004943978,342.712204642366,962.787273407455,396.972568855849,1447.6550086206,461.179474166943,656.510699282218,6.10912831649802,409.693014082992,325.95646579161,544.236967654045
"bin_m11.mtb241_sub",660.834181963865,1608.6316192835,339.312346115154,496.425426206191,2422.51669355738,370.225884376748,9982.06317839424,11856.2672706305,1719.01362610416,1668.39568114423,6529.68868003695,4260.49227225837,364.160819988652,322.432293569503,331.994396732982,365.658678715822,271.056145351994,252.929775728582,768.604082587153,434.645393700073,296.911481218647,731.032193560421,599.677439161239,184.827423327836,767.683943153576,318.648221188597,355.669327527965,609.087751337276,545.23375052416,657.136340595386,609.449712713807,730.44017415186,610.137855484893,568.417978741804,665.791627354105,1009.79089748977,1184.7145903636,1006.89540111315,484.927910152505,823.353483436819,1473.14411543175,538.74993132272,14770.926114259,3311.43965920343,949.715424456559,863.368915837044,2223.0746410636,2066.39498407319,824.084628592544,619.702164994977,821.408671537674,2232.79966397036,1458.19872035276,726.193394047087,548.68524515192,1222.24899567762,1199.15047535495,1125.23901071971,1112.60194224243,646.735419301536,1328.27687135879,1371.50021989814,2662.16350743349,2740.65201250933,688.345249433366,322.220446516311,534.60885601856,571.683987678862,607.268030501787,515.008294481558,2748.55998228573,527.594464290549,942.232253447641,1025.16953426786,429.725194038935,371.378406748436,1245.19812293083,197.048668677855,432.352511593588,806.298558568249,623.781289658026,518.979081934281,808.883417117771,324.769833639407,108.570451542175,226.713217188854,1340.4290668077,295.410626692975,1637.78234737626,1029.23504858612,1420.86404327841,1281.35199275706,520.081308420881,12375.5922067201,2248.5976206136,1804.59977230065,1061.57121463537,2226.13740697136,972.296473234876,3296.7505220297,1255.30072479468,1410.87869554411,1216.63698525145,1289.82880017715,262.232717505525,8300.1256853156,2346.57045924734,2430.17811413791,1452.42962331487,3877.51353547795,6725.45193377082,275.934046653301,280.490481933474,771.009259676962,463.445174744225,186.483883326669,836.288497721072,883.713693984091,665.31717272062,1174.33252589493,980.726680719763,352.29507551422,604.7069605744,6.17747344360348,803.811095798179,918.39772266462,3.4292405462477
"bin_m11.mtb243",993.839400825187,1304.98440698295,4216.04361990905,3395.25967012707,424.015231087649,2472.64639013839,1853.46630348177,1379.97541758689,6022.80773133523,5061.16377151295,5081.23981378312,2228.4655999694,191.738159148449,910.736320176198,722.804216695343,223.38311751309,1541.84400747437,293.61232061334,411.679060225786,771.715808157394,941.923822345448,580.153588185316,580.102998286737,877.13768543601,341.89930727296,633.669384613887,1111.14026869745,758.367736007429,1367.44984775505,100.515062626758,153.437607983854,136.394854074624,173.692231042227,609.633413494809,86.2505728248936,346.789837509315,248.691162385754,281.103281125683,701.471491226907,48.8886182460243,269.126482953404,1723.65139225942,14.8569656112236,175.260989832106,78.1885576684853,868.290381388111,1000.16864065659,33.7145453389875,783.795406678865,6992.42643304444,2288.52677911128,35.1995380552847,86.3897087776402,879.372525471208,3579.54719114817,223.871145807805,47.7647535381752,129.192596881603,346.519990757636,448.999014823642,1429.93145778153,1003.31943428116,382.281966897261,546.738224804463,1035.96436338776,176.921556183595,410.159737069477,609.710233260804,502.853333448915,1768.21280918975,851.96872904121,1827.56648071622,17.0700768144228,46.6581784952425,1793.00776657135,326.657189122318,11.0349675954681,383.736583388887,738.384848151306,21.305836518551,226.808491765649,179.982760469241,216.639582658088,417.170219998322,738.058234721891,502.631430900994,375.626042173592,1517.04563256933,1225.84868382513,787.749635378974,1891.66483462717,2798.68969925095,2313.56276976942,622.891634174261,943.957828593151,3254.18701701896,685.91398874072,401.128762194173,472.615003867301,1587.37361966408,58.1913320920731,555.638688687663,2173.7046392359,1229.47271529933,1273.27357952656,2032.83916191901,141.957775578103,405.711336792739,62.8227714939474,343.659427924618,246.104618457757,2948.86841283302,57.4542022924795,662.118838439757,579.699188564257,1237.42635067699,830.36347835009,1637.05160377359,2653.65865256975,441.86665194508,1778.69571698059,5179.37979233144,575.520005851149,2.09873151361796,1305.69923109447,964.498265759387,263.254749923523
"bin_m11.mtb249",357.897948658591,299.20682498152,195.608842234868,265.119243050156,188.949196924628,192.45083225475,447.303155035239,306.140978438242,762.173522939899,597.631151166952,439.688530431456,207.032065100107,57.5348119557372,110.9502106168,58.5473063982792,203.815944662181,48.3973536611071,26.9231359508102,70.9662356869479,67.0209689617376,65.5351573329817,43.8462061018921,34.1176731018446,162.666757182904,112.702212620489,149.696383368328,112.640961464882,242.731594268328,163.289753014283,187.947638269017,186.59349132177,90.0008622750617,123.023026851691,211.413550864444,195.039306200692,668.171176532863,368.619374946676,769.802381992807,653.275623850053,207.542798346793,552.298246437731,1028.132940535,402.365396605041,765.793384788438,946.464605372272,469.644990147822,147.435687471474,210.4272397304,175.047432567573,357.761774027303,501.189338967102,957.419251782789,287.901932120474,275.89035628852,280.597578048238,394.070205722464,247.38138171762,401.344443979394,60.8412465993702,166.938510584314,144.631736977064,101.510529142844,97.0058887041212,279.257105492617,346.177530950127,105.223870248154,202.579020984973,248.001389210072,196.050470245438,240.356553332079,343.409913036283,206.741137010843,233.915961189362,194.190291537592,127.944172139812,97.7880562312683,214.917392296195,70.4023332309599,66.368621348878,387.12560936684,45.9398247297558,88.5888290661406,8.3158432893498,37.4527614304902,46.3955184367221,121.305035261701,78.5630932389537,23.3867847974569,414.850112095633,141.908284576082,72.8044687050553,148.747804457924,371.070224005726,111.752957193523,177.185384470849,75.2645110336014,118.036769608964,163.931809335522,270.638542238292,519.209348205591,142.977382745186,304.372500704877,249.231848805375,296.720329640651,217.474161007353,304.583533676018,262.56411473653,501.653796319555,79.0233370214833,219.10067804811,163.243404407659,29.970973608572,44.801946739591,14.3186919603293,158.096517059041,7.18797831823005,198.342573558865,145.857594670918,125.811106155567,101.238471208354,71.7739907679601,96.6013297817815,89.7155864978774,0,160.803730838981,238.463868863063,155.778125299943
"bin_m11.mtb265",9387.63327228276,14393.2601566774,2034.56731674157,6236.18232602674,31049.6212437433,12382.3325636951,14394.1542707378,9963.75311860057,3217.94261931279,8720.13754639955,13765.4809669821,16671.4713864736,368.465244855266,216.429936467165,2367.23118016011,345.446453806153,5597.20052505969,652.00857124939,3159.64182001422,1461.59871160712,3010.35510397686,4052.94419391407,2568.13393199532,133.081402001909,2788.36951957068,3704.61677935258,1021.74592029319,4022.24598845139,1748.89619921055,7211.34881806568,2522.78371468593,4642.42250516243,400.714082440649,5436.81030782385,1340.97784964291,3461.41819987956,2956.45166886833,1371.81921974195,1268.21010800555,563.83425188279,701.41494493461,7548.23991029665,37660.7727169782,11984.4258469578,16305.6755989003,20658.8900756718,1358.05346043361,7060.60473872246,1519.18607122583,496.147123223289,865.578383203501,1037.38847125833,8614.38598227703,3533.25803211649,3557.40671263009,9372.34719397586,11016.9660459228,7271.13656212443,3134.82743685351,478.119100804637,245.664889042914,3682.5132677422,2927.38624149409,6697.24248941243,2106.98496532785,1249.5738212773,541.596986683845,2663.04790038287,9484.76315754234,2424.3739823876,2112.35390856987,2512.51392483784,9552.83542825301,6601.02770247066,6920.09698738464,313.255992278276,2173.49813890901,1002.92391813889,12055.8801632444,636.505468797285,1287.98917208085,638.317927494339,2891.88698824895,696.842633032679,134.14184698544,882.529296356378,254.603236411433,1192.1516790819,2469.73645625421,1407.12748786584,1043.23671464172,21283.2016898815,4728.77085990725,3915.21471759135,75850.3978195655,1351.84760206642,374.819899577705,18079.8241680436,417.874077731585,4645.67996368047,19141.8504865384,1422.19157621153,22319.3450296041,897.162045383615,1603.15094378612,619.101957332373,7579.60755779117,3732.89566215451,1003.7547376401,10196.2193763914,1825.43478886585,1002.92764197496,7229.55210873792,3919.30843073074,3762.51409601189,491.630811302501,11597.4395745166,3823.76324172674,1216.42319541108,26455.0313914254,35083.8596182146,1798.32303755422,1666.04609351409,21.0974025692331,7753.83825148745,16642.6545806091,11.1060200305968
"bin_m11.mtb58",4590.12047984599,4020.28602516811,900.044457477109,97.0996346375224,1287.31442476877,177.910114336647,21617.5409704373,11324.8592913208,4595.39431419309,1680.38266116574,5160.98527704633,4583.87665882269,64.6765834728304,18.0948413923081,13.1806735031992,75.7541951120067,49.8575634086879,50.2822224739355,82.3116822599764,46.7518225187897,55.8356479811131,72.0124643447382,69.9974132462576,38.4714454862504,54.6157473819561,68.9026640410866,34.1594982820214,96.1254376384378,3129.37760878573,43.0590791300973,48.7314601117691,32.7431622483024,51.9221657100318,64.1426927688535,43.6310170025378,2397.40577809521,1546.45317722814,3246.97106104348,464.95564394478,5292.87648178521,310.896317703989,7627.69842735914,12314.4113967138,7859.93502896217,14812.9958357214,5910.4300591321,1790.92476966727,7150.08900011349,1867.85060210428,1459.22684953338,435.324769611595,5057.63053429967,36410.5512829217,3021.82614615247,4003.58510897858,11160.9948982242,11252.9846025719,6036.98321303973,46.3761255337064,5513.46407999821,297.066656474462,2251.84873571063,3190.37625988222,1179.19669795786,113.019079568192,48.847364311053,71.8851604039807,83.5254312562646,55.7819828729119,8914.94610799237,241.28607306871,3798.52870550216,9094.27993074308,6318.76407397045,7342.47509253655,46.9794769663673,5.31403309063075,64.8045753671587,94.2158087019779,93.4583772931934,101.666880077107,55.649857700302,77.3800103535805,66.2457415165755,9.0474768211259,12.3829893460286,90.9804548074131,289.120675079406,3037.31993745819,190.973388581048,1507.75230227491,100.398335558676,260.240172921655,1078.35889254694,108.660987520227,45.0580891274884,814.880536071566,1647.68894458758,2672.90962902686,1622.63309074302,484.507803057013,988.251803969031,1081.91409986439,3314.97850069076,69.775276688716,9120.13140294801,21186.7110354234,7484.33377341776,979.730159580628,8772.66816994344,4316.59216249347,805.932056513785,3857.28052941394,123.758237971367,19103.7232801362,64.4316106599789,4589.51759030178,2337.74300438714,7576.52097657106,10672.0096629919,8772.9183333092,120.519529475172,13.0966089939588,31.4571545542828,4443.96555757914,1158.36131421165,23.6921473235026
"bin_m11.mtb59",334.967629371624,163.51816383798,129.764656564049,200.569661545151,239.847132473521,90.6902648920589,353.497834765378,159.918791060931,247.968221488654,877.12799211777,567.91221399177,288.929830448762,56.3805224002341,122.24671459283,57.3604981541778,111.088205675981,46.4230747267323,5.29495276663746,34.768604540586,29.3254836458395,58.5174976991405,35.5380370332926,27.6604046535332,44.5495668688394,88.6602353620795,65.4981990160733,70.5951330870877,95.4268244708623,63.2103504515618,129.036287099499,89.267388671255,62.5721965773386,103.002446740645,242.5590377416,155.327567822833,413.363044078392,1637.83775223186,3882.18481310766,2223.70055129529,501.963617271074,705.89548066149,5556.42351121775,144.027402309522,1097.86058017071,936.213878144163,1881.60397122663,87.9593552120077,130.297656238452,386.296269206439,410.00330855005,1036.10077396354,648.016750208303,215.669753981938,195.252858930003,328.43384741645,352.714408632042,272.79479197648,155.526943078991,315.75077280999,5178.00150261695,301.35224287921,82.6003273539723,160.634885742125,481.716981888277,246.432791779839,81.3818477927375,102.609842896195,221.398358237474,115.00662715919,130.891973921679,68.8714371337628,100.693862897711,192.669779997061,86.3175836890278,103.777971917138,85.9902240113482,144.019762869645,33.09456402639,35.1124362516931,227.955410193098,52.2812949005176,37.9365197313901,28.6030356826149,68.2234754397584,45.5809631801323,125.904628272481,160.290630524021,12.7584123593619,366.404673243555,75.882196189144,64.1073806865752,47.0363011293983,105.784559366399,82.2556248616539,133.181161030129,640.440956280483,107.707950796089,251.415974733224,571.111438292251,242.852672242842,127.348466616104,162.025461578699,127.964886965497,1086.29066095794,60.3818521657707,7619.87204886239,12719.9387155933,490.739476637433,1181.3062752119,1126.26414415679,3042.94116713848,35.4337970484645,83.4438642766866,18.9595197014054,119.582171043635,14.2262034918592,93.5123880114168,80.4393292286358,95.8535603970835,375.237942501456,116.801826501328,121.272375090728,29.0916689593577,0.201820978600114,127.662881808398,125.495949351004,97.6835115131606
"bin_m11.mtb76",521.387874250203,931.873333839626,303.728789574058,342.831945081111,8003.34359779928,436.040608305615,9770.87018344758,2264.58453286164,2081.4563303698,2167.82682814857,6302.93673059499,9975.00399062464,666.247061235278,202.834394033409,851.354387705231,263.450803752842,1894.75620977197,1816.6433933679,6787.85957121781,543.775684312099,639.434855524159,1797.53832684113,2379.90463568655,195.306902775937,3770.21428549508,965.542000352614,713.663719697672,3572.69307193778,6355.07415619387,1555.92473946112,895.020583866528,766.635498814177,1737.05852256365,954.905790598332,1711.4258137899,8601.09327354673,3116.04781988969,3692.89214301735,1876.9504572189,2638.50397390298,5395.78919801517,905.869950970063,617.99437754387,522.839671009851,5412.17841956068,2019.95164147137,2845.67824930376,3276.88787202585,420.085625609537,451.820016921499,425.419797441761,3535.44402563847,6943.85624028304,1849.84105230961,1368.76506117973,4341.91641447483,1055.45931673531,1382.49665231203,247.619280562916,1263.0204876318,391.900542604977,581.280275812014,1930.50846143627,704.282424743457,1269.28846645178,1750.15105534595,980.379213499036,1064.47334577553,2085.62706358208,1150.09683422774,990.710919800922,956.971941695023,2354.42441894519,1903.82778959292,3030.9308730843,428.419251467475,5704.17069178712,1759.90836503942,369.081536981456,2825.79304507448,390.117288942668,960.632049155674,1658.60397402466,386.06523326513,130.195591982262,797.871865648224,210.894196767448,986.919393250807,2461.79518263651,246.375659302433,1518.24192251203,576.171574318035,722.62703155048,811.002631184186,1823.00210977754,1784.07894757063,271.706302366031,1503.98271926149,593.14154667267,1219.0493188866,3006.35895811804,759.298302461722,1243.58515815685,684.75527150849,220.029376804067,1084.28523508578,548.485910776539,1118.92011839002,1078.53980962687,2038.2542805189,1321.13983678047,405.902544382865,75.0650454875846,590.651021782157,693.26033637007,246.096302884442,4426.15080004321,413.553910909611,598.65622601559,7326.25871126849,3412.03977425634,5543.0583882243,2225.93002801209,3.96852162674281,3347.53213451256,12999.6806607577,3.09495572816521
"bin_m11.mxb20",899.726779678472,617.171820597366,274.967072277744,584.836746287328,343.205281113776,360.505600396193,15620.8392974622,1838.57474371323,3938.88513264928,5236.66978479276,7499.60529810502,2234.14146678198,382.153155412487,228.859018480937,852.014430054791,359.016409770086,383.435028037741,55.9080006055817,257.540079820067,271.11635444414,374.856684396466,246.694182553694,193.774048659488,200.884616879979,241.276808985714,399.715809333348,320.494943845963,988.36781096422,1265.00563462339,687.623044028331,169.601217318013,160.697073754769,274.629911709377,1095.28757892811,544.481374575326,3710.19688944415,1424.5744920867,1591.33938873438,2316.82897698921,1975.38669672155,3179.61749304585,1769.78470748185,2963.48642156076,2697.48012224068,1358.0542869773,10628.8044621246,2850.01020310899,709.935771422198,722.69249785144,1277.0783691481,7590.6417961684,6252.34765647833,1610.35648222724,4060.35408370711,1347.28001670251,3412.4208112174,2106.33722486264,2321.07193124329,475.214556524656,3658.56513578527,722.824873925804,761.026074926048,371.518497479959,2783.56062187398,1252.53672557671,971.14782091683,732.610152967981,1362.36481214941,911.633580872545,8488.73772183983,637.058406756626,270.997718357069,11947.332680433,1189.26958576933,7752.0692011186,135.192596756725,19.5828345282912,158.273061774362,436.862257231591,276.826805499803,59.1011493270331,190.455723546006,71.742626900913,130.664739770708,72.9327391279715,94.6499632331545,468.304047677938,69.5456660453271,2879.31872216892,324.494498877784,228.345165165987,246.266179298151,1160.8618490586,238.232729893686,179.931824455936,127.873080229634,250.515699880336,546.743186884433,743.494455949002,4358.93833504536,650.458770805479,1927.74876495475,438.712136796369,4167.83632777315,2987.78196739137,3213.02072441489,3076.73945696234,3739.54973486521,601.590661100642,4046.87308349844,320.802238684445,947.383048000728,543.079470308281,53.6798558641339,4288.92046155188,27.1412907221253,725.629554886919,357.710844136702,482.736502017734,1700.71987942796,607.731967180061,3544.63624946697,725.556022167172,30.7825244915362,1268.65440036378,816.209014762939,457.754385881971
"bin_m11.mxb53",4205.83895457152,1353.11278904287,1265.88450609236,2341.53058233603,2461.36709543742,442.214323794966,3843.94064248734,736.320392959705,1925.82371407189,1326.43272472068,4402.80131522254,3450.31560628568,30.2423717513822,100.415276195007,23.5180864166468,40.2305482152311,58.50376335746,15.725824929201,29.631172854029,46.0138214949928,56.1298743984147,39.1090697977174,58.3975377281328,22.518153185066,30.3078043230563,33.5831218888694,28.2499813134543,46.6831859472812,207.6126569929,65.9381302700191,26.4330566803961,17.1214384786226,31.3422401340956,114.62968934704,44.6943134285074,2399.25038073289,1333.24901822564,2308.20036377271,2252.63683388009,6903.60870449461,79.5590747308209,3321.17409174846,1674.57125331431,3679.76437435363,10590.0883830977,2473.47126865893,325.409505429291,95.691451429897,1342.33473319661,3163.92681535968,2199.35622457671,2716.30165362217,1704.74336801961,1458.91070270523,5422.80488538619,3364.8498975083,3481.90428167239,91.2463299033521,245.617835336734,1102.10363074818,750.304035918661,744.096768154133,433.918372488368,2469.36332701891,147.424453907638,42.610406931375,29.3937552370631,154.689603921819,66.5474457698175,1080.8400372055,122.545950812375,1317.20777273387,1519.49854626206,228.374709572338,458.40333391055,27.2154360661307,1.66346542416008,28.2229562596908,74.2495997415664,34.0763160518606,31.7494705545039,18.1185283153312,78.7604632841495,79.8848020127987,17.4066703029711,24.1661765977311,155.264260585915,120.825611116704,1724.51862863716,1055.94624445113,151.382256035532,262.167501209034,1250.08306275379,451.787387491256,856.403485437884,2531.7255643012,955.112539245204,3565.69381678527,9198.90176585033,1563.16615162295,36.553524065277,1066.33974682585,819.819267450144,684.851353469181,386.649073764555,4163.93765613363,3720.72043485918,2635.51132480548,120.371223597696,2363.16887668679,256.700383317795,262.476462272065,788.010231731125,30.1221191584645,487.033038861102,70.7678637118752,989.692709011179,704.643437688126,733.004520417527,6250.86398721838,2002.09757352331,63.9780725099991,17.5817068028431,0.450831719272894,988.722318664082,337.403617287909,45.3225282599842
"bin_m11.mxb6",452.154917515329,367.322235125828,413.347493964425,495.59321276194,317.786006080869,468.506852005922,338.334744167833,988.958736846412,362.078089997376,515.512212344125,409.297018298623,1651.03403556204,200.533668143504,352.867753109009,245.228397775579,284.429276337338,470.200617973432,454.588508982785,234.935793143574,346.157860631591,667.523451456524,1184.82377197336,576.575292257103,615.477681696509,152.08247795765,465.253474252571,524.652018577704,314.132513085402,325.474797168579,100.53064323339,162.980991917964,187.191357064319,168.502701300908,393.111593018724,110.355436657601,218.979679156058,654.702085559063,1240.42847122222,562.920798066845,211.185105643174,1437.53508482825,349.716076312408,161.11371762359,1565.05341130948,183.124007407895,221.825369744846,536.564462710174,187.117311603924,487.843641686533,734.095044521346,293.194157302688,104.97371759408,120.529169513014,540.732882073744,391.639694468762,404.092785492178,106.872740863691,159.143713260444,271.843952080058,243.780878958085,400.714929261072,405.618806590992,210.990423253797,175.546847315613,307.269519275605,258.204736625978,405.573996089884,324.632475316676,1476.02549827547,279.180168324356,270.865427357082,757.678186929866,75.0469427050153,115.015878468303,580.729983891953,577.798827899686,122.519974660954,697.524609573376,336.674535517652,115.884470416324,419.729448255862,390.37822362439,553.586942923922,805.099489105919,1008.45147200031,864.555034598055,677.627423650465,565.512057489775,207.785814015833,528.605886706178,312.114449340906,421.437327582675,412.203572820661,288.040020288388,303.132837122884,320.135576519249,404.874331362174,172.231760944128,72.8201901128365,238.696595778302,931.831030293758,367.065090408325,214.939088443814,272.051179967108,342.332371863006,217.372676433565,102.262281484521,299.564395429596,585.745706308717,161.417717609847,278.193804848107,656.770497247238,126.39063011486,443.899925002191,263.745295435842,398.48979587568,212.131059888386,145.586132459271,277.526609676684,358.140546706575,284.725991667377,465.136826926705,375.562798433512,3740.84912705358,266.97836595234,386.394597909943,1273.73138892935
"bin_m11.vmb104",177.649323768116,232.391132464437,112.964711583044,177.518797216764,458.146211903042,326.381667789473,980.860338615703,1493.24483724144,310.262363770863,562.491263250918,490.590937021204,603.257823057523,319.100094253383,97.3244822546921,348.389062807732,573.00246534255,662.609437298951,430.775145852706,691.370306778056,266.796462193182,211.307634404953,225.090869276287,268.658066444928,177.207890625299,374.413773473273,154.800722485443,1073.27605638533,333.875530821935,726.896577287746,441.003690367166,860.522472578502,391.646572515908,2654.73409374237,792.612971100649,381.386095400867,1217.92853024068,1068.07596181069,808.14033308333,440.346726864979,818.68465193353,3277.96101030992,157.633464734254,419.423765067152,451.936841281525,168.596966373681,529.764222184202,857.037109051999,3284.33821142115,1023.27563233003,336.876001171198,384.072546123656,1182.53641547288,3152.71463562776,522.544813852108,139.328906491491,1970.18565134263,1145.59948771713,498.442165349958,2449.88484559218,2042.50655181218,1041.6348094286,624.154866468006,634.087354828344,423.978573955463,593.81337784186,273.135273706381,387.700006980498,390.452205226286,2174.86319194236,271.735650377867,332.291889434708,389.505330944498,1211.36984523018,589.241774497695,2291.85244401248,1019.80195037086,5293.27040120393,2783.93380663028,375.519098447039,1809.09428374124,3718.83636358779,3905.55386754693,6231.61943142668,3921.34126252394,532.786627329377,2823.59422068093,87.5280441993603,893.389943339612,747.838480970401,170.602123309582,1851.7166452896,789.36791986316,620.938412454225,2189.39107522853,589.712749746735,455.917804645991,286.482075530812,1736.57710172921,485.122763942402,575.297897444736,863.158269884109,230.107127227679,409.519622904988,297.299662666121,138.818040649171,3078.55392823127,1329.57077103385,2174.97239806325,1279.72754280354,955.466912668906,2114.29898853799,375.434026025105,164.621153539135,958.815587381311,352.05152943972,347.283847491677,1200.07006396735,1598.65422941352,110.30654961351,624.991384943203,932.302307245109,81.8086622017853,373.671742572958,1.75272069564657,495.618716530255,494.822056508055,1.12128944439711
"bin_m11.vmb173",221.261661473515,473.632901626559,506.793075162511,345.933619181035,254.773997652854,185.53778873355,4595.46845617675,1552.22775239912,2189.47046671221,1483.74968692888,2442.04910378808,2656.93250415495,87.596651344352,100.704151655142,126.498866326165,277.158718310111,118.641372641068,43.1188123664871,235.270142166977,69.3558017074164,80.8221342274806,148.076816778448,116.661402147421,85.8661838390475,220.365120902832,154.522839435218,139.462412653758,229.588946771165,131.85385093664,454.103779482381,270.759145761492,350.952230985728,213.694584253359,268.425705437303,366.213039358371,1064.19348462527,632.305105133278,1311.77427018598,464.47486628542,947.094321241371,542.162118175771,315.32226940605,1270.02360803468,791.71147453778,201.678586889574,1278.88086292846,503.375192047301,541.354003120677,384.25989478354,171.87908491938,1296.54243373536,229.6236696082,463.247021512954,267.234718188541,173.243763743143,369.595472510294,196.53843092018,354.246780832874,304.91645115518,1366.78776080422,1238.41842844041,188.808000353668,182.058814124868,97.6854578263743,284.468943468,97.1282166049657,191.532728559928,288.910204282184,270.028700803899,146.485424430697,214.915405460386,58.3660801746717,152.137729853382,180.737087511927,87.4670597787127,110.136964559406,378.424389555918,91.9503573848113,103.022690625565,250.54158611615,143.645173229289,230.131577713855,115.369759652092,98.1189183149793,43.3363392784904,318.129307370935,158.689081813884,91.1951740547364,241.347544110731,299.249732324366,705.05080982161,222.739645461019,105.738239748936,262.693306802962,456.754051370255,343.659079330291,144.889896754036,228.450280377201,158.624471556013,2206.34589711587,203.014564325493,328.697830497129,384.882049407277,399.017882040874,84.2738445321187,2550.61377860668,694.1130323082,2004.31564281906,397.30467608838,2225.65078518442,367.167405343424,69.1141045135673,38.6481350898131,82.2911229069821,156.818734216885,37.0616433227488,311.105817308637,233.918598508749,280.992315230594,178.796443573107,189.985067458235,98.8182941295256,144.343846628462,0.471614454477496,232.298194428625,327.646474120831,2.52863124187113
"bin_m11.vmb184",2033.3247654046,2114.94458740302,3863.38500392552,1719.6596905784,865.382891941045,2746.31772033228,637.168843062089,732.102916732688,5541.42217555746,3635.59671990544,1824.31361788593,4029.36266939883,282.848000713628,1136.44237220155,508.553487229719,2911.89544028208,1049.06211701186,805.000781350192,551.860489127504,2540.23421037321,713.287877021582,432.999392533692,328.192567502436,2306.05023816623,204.594039761784,2089.71022321632,1172.16395151682,1087.99240468944,111.479201148157,139.431835526684,111.942067536904,249.036967352867,237.35622853705,1165.4474278176,105.023697542319,1712.32000919188,1903.39375291614,7629.67771526698,2188.75674714136,53.4144058362538,3219.04587307617,2091.95563414514,54.5406154695622,3991.11832036585,57.137886088762,34.6271685969015,3633.4882907752,27.8588165898442,13616.643830632,7290.72488617729,405.354233501457,212.966750908818,87.8355260698434,248.035540018179,158.134829286651,260.457326464247,50.7891104976687,216.462634425142,826.549398172927,1111.59909677461,3222.25830897946,2230.45390501151,701.915013105869,1351.83880651222,698.571827632068,1040.33433304381,1656.24484770369,792.14770963085,403.95413996414,99.9630473946972,1001.06978926255,6030.4224604626,27.2016200414479,50.4677117379696,1316.75626577844,2805.44623393742,4.0272982142386,128.228603710897,1232.14160489144,474.278931045944,6719.04972919688,155.124119464691,246.628992240152,275.540844801219,512.515099381976,790.090557357489,5786.67013081056,1157.94704372684,654.804263090156,2521.02494011561,1120.00029790886,3073.9642670026,2310.72560610628,1794.16424192312,2216.37111077824,4619.79719764485,4512.15463993393,1786.27427945498,1971.40513876041,668.007734394368,51.2479661808872,2220.97710401518,2334.61392625545,827.385107896442,3287.64703327221,1707.09727546162,356.776733160126,554.975482110199,51.4084484849571,66.0041140615521,328.513836940612,3230.60634702384,676.245386154039,748.456464569651,654.147376245731,1651.9850908064,890.657446437283,908.852302799347,5497.8491731368,416.724832686025,511.543290758838,228.870530174625,1224.36171230195,1.4446015355705,113.556765598772,224.569866816903,359.341780331712
"bin_m11.vmb199",32.8685391408161,40.2324053757591,43.5162728072101,54.8443834234349,51.7605317293249,49.6306706791251,666.817837638072,452.066973910868,9105.45892722724,1123.74157344471,88.5704566573185,882.583967512772,2.36500115288047,0.409065255486882,0.337603712204767,0.31304400998076,1.07448257079053,0.587516547708392,4.36717958401762,0.185374969969632,0.850270592319235,0.091124924377874,0.313686669234985,27.4990262421764,44.5968871771129,31.6788605019823,25.9775540736048,57.0907294657981,0.373610299563467,36.9837610716952,46.4484668942646,37.8888350050235,33.6745244412623,55.7736792783024,29.5039686874196,32.6449806556824,43.4689679500866,52.0354991441203,297.039639900294,30.1659956076546,197.301763960449,2.77784391440459,18.4439531168697,1682.16283836806,471.987379142272,165.474771999385,1.354669847337,6.61340830004929,1.61261604673558,1.25888850941279,0.745489446939283,2.27863675175695,73.7324396425804,87.4924835000964,27.525237613117,161.674752745804,30.3787502817751,106.034582626102,0.922710162712475,0.536053670558594,0.446000878640689,1.22573492282183,2.09503873274834,3.10706305674391,99.8493164757151,4.50027461982952,68.0425265782542,39.3905767709502,6.46280747973063,21.3011206290178,27.3635800183336,5.78641994810185,7.17681971029842,17.7328083407973,5.97780217422757,1.30120719340123,2.18136108687334,1.70976154566827,0.967950373875189,2.5655290392731,2.98881582691312,0.178173734243634,0.790066040371623,0.27073920862428,0.116876512311839,0.862311910276501,11.3450351651865,0.07477601600879,0.827833774054189,0.289202106135789,0.113481341288154,0.826493537554092,0.700840283319936,27.9868317802288,84.7707596263216,29.523824502919,18.9530330178894,33.0962863110239,29.3190453911611,124.490656812038,43.7590773554709,63.4526252338594,49.2654602553373,25.9463244059043,5.35163885821606,45.9886647842769,8.563027619764,2181.0855419678,9.2498268890424,14.578518061419,39.1379378171952,11.2455512624302,1.08518119591355,1.06069282989553,101.77504500386,16.8424813055004,0.756773898855954,1.14617713943658,0.836708380756562,0.997463341888413,0.85238187389149,0.346644813148003,0,0,28.141666962161,91.4345215503403,0
"bin_m11.vmb25",27155.6289168257,15924.0702653547,5618.67867370138,3241.02275311996,6129.27727108013,12591.1652290717,25154.6665810764,8236.99897992722,4415.48848183389,14394.379816929,9459.04743073457,11050.3990077067,22.6343860746654,41.0771632350772,35.3438036326684,96.7085588514723,281.085601725188,57.584575906584,75.1975245261515,71.9674195309411,281.704238839108,76.3190999819309,297.171985175741,94.6553315429097,43.0874453954673,99.5922158686135,34.6725850913131,167.596133050907,4926.41840527742,113.950350531882,119.315442289921,43.7147777970393,57.1423598098579,54.9618536290332,49.0873570279158,7462.38536368299,15741.9242284557,7874.34232035593,21329.9935026198,44292.8696311872,7505.99225888654,1179.6970407816,5788.02868645729,5592.24192106672,3026.0134610011,1685.40048449003,5613.31281714282,9736.80901300479,9738.45269659804,46049.7567274478,2087.83184590932,661.421860307913,4550.00883786919,1083.37992455667,2090.68109235506,685.01483353533,484.882375576884,1328.35721395949,33.3495584373518,9608.63937304697,724.975526235786,545.017864945031,2891.01618703218,3176.84125097229,139.701592140956,53.1078173408107,93.2362274394573,56.4138280497115,40.9885081366638,833.33970407915,6113.72728657856,1939.63955528641,181.574501502767,158.232955411109,299.015054610216,30.5913510365033,2.91284631313962,47.3304868698137,264.737499954143,37.3819486820817,29.2412273379796,54.2936866200496,442.731713088714,289.131502757508,32.1190449678102,27.9424523364936,119.34463284265,280.840866714577,494.225500830373,2257.09568264587,356.411564576723,131.096068463217,308.730412940247,316.821567510168,96.5187652765165,2144.82811163366,660.393838568115,1894.95358145254,7360.87391151307,2461.37938640421,149.241034395907,6331.73898489383,13327.5371753259,2966.16437699953,6156.0567896235,767.638211577062,3241.7493223158,2995.55075667375,788.589176927522,847.298866075616,783.842580063597,175.109397485607,807.352065307282,128.890537561604,484.987395959554,16.990229596397,3702.18177638023,4298.4522886995,3058.16659434799,2328.34330197745,2853.50441801126,2476.65221989473,40.2696795786612,5.26292278059023,866.647230202966,817.853043805179,71.7633659048239
"bin_m11.vmb32",48.0526626769265,55.7115935712501,27.7008971104634,49.6696613085073,41.344655981601,39.70322532033,89.9650335470306,397.689828898886,4456.51759933152,172.547773923903,106.563129873909,3190.61247598095,41.9175747214093,19.2879929317074,60.136488556926,40.1812476358985,21.3911881132611,3.81088717792275,28.0980493203269,18.1288310272256,54.280173556294,20.8467883391239,14.1060031538359,27.7245361335118,25.197009220537,37.2832651061583,49.269410139906,95.3367167450073,39.3646904581058,80.8936291156208,49.0534361455055,32.3192310389542,45.5380560760954,89.8290365728095,57.9895733974872,50.279863672482,30.3075862268839,38.6595100307627,124.116907054377,61.187692345147,134.81024863045,1199.56451142791,73.8817982117645,1120.89126954849,11111.9871779523,361.067843307226,238.431220953181,226.774087164403,208.800231221125,26.7112509692554,58.6932555741795,88.3096662299171,47.616320121831,52.0143947588847,29.1263317349883,81.0470305655611,37.8337939105774,69.1739092788882,11.4586498576773,32.1406699067615,15.5774508750633,21.5702502491384,16.3768848648455,162.473226378719,127.169103855583,79.8675303539277,89.3622571433572,86.623987858834,49.2589332122596,29.7048236725611,43.7524108310147,12.0197509142278,27.3343593820389,25.7630000142092,26.4509802585425,12.050393940421,0.907003476121367,9.99107295362515,41.9213686555365,22.0062057581255,14.2666639751192,17.269006212281,3.79425721828168,16.429965233088,6.93963838974939,23.8433580167322,296.114677101937,1.95877369046894,36.5821284080337,14.0150650954944,16.6469404792855,17.431166154185,37.607438331317,17.3295460129856,38.9784086928974,15.0009610507042,16.1971788476553,31.4193951362524,50.6608607071637,100.434502735151,20.4471276089056,47.4085462031697,49.4595135700371,54.7459818570878,61.6105305238485,60.6004104300827,34.8089427660703,64.2058868485023,12.9518353022188,45.4493141272899,25.1106232558709,6.35021922837464,14.3185599874906,13.2133467514674,29.9899574819848,10.1925634795067,23.4281907535201,24.1248323476716,16.3652567078329,17.419176678866,24.4548321598738,32.689565374374,47.8107258525108,0.491631422676251,30.1546238773827,46.4017043235275,107.654806793926
"bin_m11.vmb45",151.339425328872,41.1818440328244,34.0714809759793,78.0818535905878,2099.49537954899,170.539104465104,9499.00312516936,2067.56125668166,1264.41184919128,1116.89283868887,3311.36660703495,3261.12102479699,1207.72867346218,527.132236894896,1630.92778285696,2041.77689644442,2281.08210149034,677.076749383633,7223.32258058643,1222.6885407561,1732.02394712109,2469.4033688599,5687.74606954854,184.24895019186,762.8353345265,190.056427435209,375.804791486337,889.452838509477,2914.12131952558,2856.0116762419,1642.20621822239,1950.95622952086,10798.2399480625,2113.79319105355,2700.6832462936,319.875994624443,500.444874679551,223.732272292625,384.194598815769,819.219520295898,1775.69311154568,380.011914428834,895.008861232675,746.495942006585,162.408014645269,1417.57166430673,1782.20279605005,304.322819404114,322.071489908722,124.78872747479,704.24544608656,2467.27037021553,2943.59109993695,963.258984342468,3842.05856999815,84.7852988055378,844.685312024686,415.40302028221,645.34832184507,394.351014015426,4240.43567826312,254.035276390547,617.266615600127,416.221774124467,347.440191138112,337.226381313807,262.373801921257,844.286861893827,1644.83753783641,1545.18740155976,248.329182207206,1123.38049873921,4810.23536248227,3260.85702111479,8211.59347801658,2465.91795527015,11264.795510995,2396.46091241334,693.503688176459,271.672847512656,411.34738288087,11290.2762166322,2228.09890254747,843.64675352429,1497.24657321222,885.503550564699,79.4054750248312,151.843974065603,1323.82584255229,209.719622799929,520.855415806356,294.685689181,358.178715489163,212.821891074823,364.126491819351,2299.12751670838,232.417222023181,992.594417148162,56.5635062863185,257.707776196833,9516.77231857575,133.652531349479,132.166705673014,144.153095442865,143.37594064922,2347.69292581641,76.5908412121337,1315.36058710905,2298.39943363229,991.193715201291,881.897207778285,4012.17748270766,167.323354338956,11542.3600467424,1899.55456209805,1736.5757831372,2604.58092183454,2490.85502149786,826.105257833357,710.402013372745,664.49582449417,242.632352806817,2046.30293948449,5.08091792738449,489.148553190979,952.161954240997,2.57180657894944
"bin_m11.vmb74",187.652637398496,1669.2146071854,961.387536759914,216.411799702641,1314.96519347599,112.242275192882,10420.7002244441,1452.76401986858,526.154513762139,801.275583000558,6788.87492865801,3434.55215914081,104.991775341859,32.9842810073975,44.3532508152282,208.190212192709,74.8880274173158,54.7827834335396,188.77201642851,45.9589454990467,36.4471917183779,140.683180575686,116.165177426295,52.4577997822302,296.844053494815,116.756302851844,92.1766170923668,172.159593787012,277.621428320219,225.340693921706,159.019560999082,208.393264563955,145.287514087711,195.509281702948,152.547862460675,1435.25969629264,649.272324648845,531.328093774036,140.605424554598,323.193416710204,282.947041965286,1308.03738179049,3977.80955575317,559.476476640581,81.2018045286656,1964.45321725712,237.63231826001,93.2936207844723,64.6149354696875,14.701206911566,625.899997470011,2386.34886580067,145.939318177701,142.039765295363,59.6696275372283,235.09657526489,96.1189084137375,310.921519686727,1931.22332584905,1790.3710251811,1869.66362454392,586.587334817635,1320.44085674889,1714.11993292816,173.737846086117,54.7827215345904,108.513281682784,122.22692786132,74.4393574497975,51.4981007658319,246.447315573707,32.1778020086026,80.1994922026779,119.534372610749,47.3924002217553,182.980699079113,404.923246895722,458.159152082979,63.0447782716356,107.367366101149,294.876386232908,139.270643049361,724.788851164034,200.380401622033,32.0095747177159,66.9336295590905,48.2544070818638,385.935936172491,1168.26703773783,98.4537663958391,825.505805410767,573.226168145268,585.925844162404,610.889712492548,142.611996917173,114.465693914558,113.0847266194,236.543531147564,113.354211755944,390.993203280442,262.824294636227,147.742787482046,847.305348313968,996.112529823644,447.94553757547,818.004802478959,161.662084507052,454.132685338706,535.170335093982,528.681042833183,277.258040184023,33.9358494020267,33.3020669649237,99.2901535555796,41.5167970329584,13.8518903265151,65.5164663644819,56.357776288742,34.9546557947214,96.1158346809183,125.864592223947,23.3126755105504,242.470322946838,1.56550831456782,271.160685376644,2212.01742176859,1.2161335881253
"bin_m11.vmb84",12884.1375266556,14916.2418034895,12203.1136777638,30491.9924673831,8790.03387293389,27716.4943194682,4537.20236032849,5605.07418179702,14081.0343127428,8534.82657100075,15223.483456819,21452.6150543673,14193.5713235921,10076.3959125155,4988.37178727522,236.431798540285,5097.54010700158,80826.6532104674,13310.9984047969,9562.36055480305,27517.221152506,22225.4896574006,35589.0348178477,26497.7213976668,9578.57543947135,7132.35612537389,25783.0555857386,5845.51446276973,12826.6896842005,1284.38237364484,7030.2324132896,7150.54540681663,5592.53839498972,18790.8052931032,1141.01992842122,7426.91393637784,5267.44184765017,17440.9971613998,13809.4335611715,2922.93418632277,17957.6538235334,7783.88374909927,960.039911166602,14052.6552604618,149.487352424358,7434.07293901924,19206.3879607901,819.306302690419,5180.31330806418,46629.8094510086,14420.2401491332,1225.39032716759,1421.60728740597,11805.9857032783,12699.013172409,17087.3096015656,99.1269168294214,591.361815037402,12290.8854829727,16430.832882125,34415.4351985795,22767.0638548815,5885.40690998571,11626.5453030012,8176.35722021918,14950.7926729105,15845.8737128879,10027.6709822427,3893.07804078927,16306.9307811741,17363.0456614771,1174.81635315209,1057.92056612127,422.146305410368,53201.0854598356,526.013555319254,18.6520857464759,562.268246542787,4226.42438355713,123.889694410009,1179.27647910003,633.234604036797,1204.36345549979,1153.37794960847,870.56180129042,452.577926781424,911.450123100465,49844.7356851878,14479.2953075721,33653.4396625269,16425.5061872112,17105.8943635864,7023.74488099087,6890.00493325568,9997.03999530496,12279.63685564,16835.0510821956,3151.49886507393,1377.04428878677,5799.35437046191,159.726556571427,7715.72605805762,15681.5957227011,10702.5162828895,31114.6241446678,8136.6205047275,2104.14630822118,5224.45737352071,701.289141795566,620.716201797066,616.391980279069,20820.4317476458,3487.54591539304,6386.56188565606,6160.05268879989,11938.4925561219,12792.9793804122,3942.06204518526,13032.8712120162,5726.82602788731,15542.8505173203,10997.0697959062,4532.28107018458,10.0832725821238,4806.91245996838,6317.73313222295,181.848171586227
"bin_m12.cct139",12.3583071047276,35.5276270289131,82.9909783399044,36.9945477178854,35.503823244594,10.3218310154163,51.8004509290796,25.8742200560707,43.8021325577562,17.3037859526214,55.7321832039738,37.5151447466449,81.6985999711483,28726.783273924,291.260691793723,16.5261639856022,1595.43414872053,9.09493771186393,28.7390906776295,24.3798619526775,74.2872263750014,22.5341015107519,104.807945236509,3.93847999935216,21.0860713329822,17.8762143265728,10.0714989344713,6059.40458431053,29.4123394815283,27.3754298284247,14.9655617442529,91.3771125867776,13.2750680601632,13.6773479084173,29.9106287010477,27.8385216793706,21.835799604826,34.2895045407181,5.90458442845046,33.8390531775216,20.9331682954607,16.0797636429607,47.7724754891029,47.3053743456019,41.766864824446,31.6884728207248,108.079802019286,33.0758413403336,92.4940599658321,62.6113920025266,39.5283599029352,42.6140545320489,51.7691237401447,30.2382174023837,15.2310551448376,20.2273643304194,23.7081877722397,39.7904823730211,12.5339665058304,13.4049081448422,46.160983173032,14.9327956538847,26.6107462466924,21.5011251775619,23.8557058503797,15.6301119382621,24.2117000028548,398.960261796098,307.115396846174,67.5322025799305,18.1024219884417,19.8009152318545,24.6887526408264,39.3339193413529,20.0884261622515,7.55952774254286,25.9754951578421,6.57775595933651,10907.9385232854,30.400384659202,19.1002938679016,15.346821254129,103.17496056354,81.8075675395083,11.8531332510863,6.38919547954944,32.0335467272275,75.4192147861231,29.4019201663584,70.310884812144,22.7023082153102,687.161422352107,124.80401216989,34.2496958091504,82.6885202242447,33.5908732603252,9.92401859951261,27.4197025482582,24.50352279648,46.7694972441192,56.5207528717209,77.0952206532956,25.3490590729063,24.6891450460039,18.7585969871039,34.7528475589044,53.7830865482333,50.7097556649402,37.7408163066357,53.4087817502821,51.535875656998,13.4713101099359,6.47708427629394,16.7005340243361,48.2416349810318,8.10841199982397,38.231075374674,23.8012378546402,50.7970649103446,140.305610813833,22.6685649289676,44.3052913417482,27.4157314992116,13.2975285946999,33.6940197388826,25.6223760615896,7.14873158106377
"bin_m12.cct83_sub",35.1518972370946,79.0445837447855,48.0962729273571,34.2027981829192,9.18145667686235,25.6737086491291,35.0068883695977,34.3639417068749,92.059763295243,82.7693709074136,20.8770840859609,87.651002668976,10885.3299203784,428.197429600231,83.2784057372472,2.76949870853658,76.9422100454126,41.0579029980919,21.291894219945,100.330108171157,50.3455921673822,9.10511126195228,8.32555293472787,248.801515974369,25.1590444728008,415.406548119061,443.423748245583,565.054379257216,6.48103598759466,11.6322444646607,2973.6166124342,1669.56917507632,264.576649886273,53.9611340944464,229.068113727114,15.470428022536,38.0011299144528,712.419069242247,34.7340330872802,6.82553463828134,4.09121364758602,8.83435540456354,8.02581798238639,18.9140346049513,23.7242348841781,31.460182401637,17.3225059287481,12.1471533051233,27.5744983676518,11.9235480175468,6.2073799652279,3.4662684129126,9.93276215984353,6.55781338282313,10.5612462653504,16.4170523562481,5.29081183090351,15.2225134987604,8.10985762617907,5.20741145297596,10.2125745136507,9.61736561278091,6.23018374487833,9.51865615830228,21.5132313688959,981.881178677621,76.0304274872942,116.042862793924,1648.59212375148,5.03510274903028,4.3152486343867,13.5667855605225,8.53691243032396,7.13452778483062,5.04472982863203,11.327092337554,20.9742693019342,15.0578068184436,51.9851901311757,33.2997304092835,19.7019105836129,55.2632967674369,432.539707396493,68.1935601852656,33.9397227168289,171.42517245589,305.225302560212,11.0516598640777,4.8700733268992,7.37470035441744,7.08683879327253,9.26405209672583,5.1724680556961,6.13249172621632,7.97836664051058,10.7286849481969,7.07524807255389,8.38475611364943,2.41550929923536,2.91994879347071,13.7867308831073,6.80855113947482,5.28454695916064,5.77104452692379,3.51345294693656,10.4781415933185,62.463063047657,22.0240000105632,63.8359437967558,20.0067458948902,152.847289549091,14.0175178338496,33.047790585095,41.0685544053336,19.3197027081275,14.405874789606,4.43958108433528,7.6601066289622,15.3272284318641,35.5577574160089,7.35090825539322,9.561090375091,1809.51664944861,0.879036787492983,1.78349598198758,3.57893536032689,11.3542546837894
"bin_m12.mtb121",549.172244174227,370.807593530277,503.810983527388,701.586887949406,207.897761408779,507.366799536703,21.3962143401577,40.3253097106426,72.031064541505,97.7755836228831,47.6850874275832,80.7542345435394,1682.62546203815,1406.11803402562,172.367447403229,76.0535200964743,155.65451260402,648.471411074643,80.3615322826443,561.851789668066,885.590761862319,121.144482051191,126.113436078517,317.872314369748,28.7703162958732,1324.1269017295,1123.96192900281,635.713580305545,139.300465672421,27.837431467384,128.99190522283,90.2907412715468,144.179403444878,197.046108194601,27.8159284358041,38.8334027277482,47.1464920417662,60.2497621665532,101.62648185683,16.9834853999979,52.1112482509194,128.846224906746,15.5494062141141,153.937436950028,99.5971475218139,62.7310783072132,95.1067728853261,41.9310312014521,128.84213837074,156.027455822802,69.6420959025252,25.7232834033136,4.06311954930027,316.810574069229,141.318600697227,343.778097236239,14.4782346970715,280.320468593628,323.170224315991,316.768923330398,170.645641428822,534.534089276526,137.05839707306,244.147877967421,533.141335790878,915.251159269901,832.039833915342,1100.2501140208,130.130183420572,109.503944275204,308.241484274835,196.20370870265,4.63610349572802,7.90217621541143,93.1470543560035,145.152508886614,13.4507116179712,156.437951536811,254.977604107157,82.4478690519574,162.303697178888,68.7758102406918,95.4854427494602,140.065383912305,260.599372276108,158.983946353528,104.744586602259,715.694536338337,187.493799512107,523.659704868595,330.561331556685,476.07521081954,330.007156051391,189.877487038486,519.655139624446,159.68596377965,376.180674989925,124.682359756809,30.3378941386624,378.627584945138,4.22972493984827,356.572483365161,224.729266968196,209.258493302974,266.431130925661,29.9094415455387,11.9801387414012,307.927912919333,4.93286873884524,7.19152618762806,11.5419845350521,320.054313321893,70.4832283035182,146.069950172231,121.23068912781,6663.63062047905,85.6075999570475,61.673751630295,165.25277372739,69.1937974974524,160.682151840361,198.251428152722,414.069322935774,17.0118963671476,115.25131004874,360.448840530122,121517.496908656
"bin_m12.mtb122",24466.8035503386,13645.1275213854,13053.2637077347,23059.0083328679,11608.324493499,9619.53769040884,3478.48189030807,63163.9934005592,36864.2868360137,19633.3424670987,359.689987587457,19543.698402471,1348.89519121623,185.200017927933,1738.93251304351,24603.3826640143,4369.34476524394,19273.5109422496,14395.5235541768,10377.8555860458,24608.3052089638,20040.0277984649,4845.19412522462,21688.6610348314,16334.4059429612,548.242770337663,12569.8569708148,3376.19841260383,3026.34947301038,1138.16699627049,6342.3374287003,5644.15060291974,1767.2477751985,3143.18927917733,10515.8551112925,1697.93053185958,407.551773488056,56.2692686979031,12227.8978080327,11088.5669495503,22070.6296336287,27510.704242206,7178.90107601066,8789.71678885983,8981.56056758521,4267.54561002975,7482.99743514468,26254.1571856813,41989.7283884816,15745.069279216,14348.3233783415,6885.51479562952,756.475976511823,5298.72325024419,1411.9409823894,619.382214353531,73.2551056392723,330.338640021736,6259.35445050388,9574.46691882034,4259.74031125042,4775.86515064659,4241.4202260644,19640.6298849352,10633.4239388577,21879.6942075989,22952.566939749,7832.11885506132,4405.57443657446,12960.6065780182,5788.76828316178,112.041679769461,515.872326843911,1580.67576733525,171.562406915089,43897.4360659699,3849.67070297616,24106.6429603139,1451.93525611273,12395.5095272851,2344.77400507366,4948.55010436643,6895.82276985533,9053.63168717351,2568.39696978011,3710.21133509684,67.6300137249187,2128.18858963604,4120.53844293367,3110.47995311395,3554.21892979291,9504.30094058907,5310.59040450602,6318.55480463847,17017.6284063337,20.3752823259313,982.668061986228,2953.2102552736,3832.64879335156,7561.22812544105,15650.545281854,4645.57549718467,24776.865087329,9568.98700355902,10904.7493045066,17624.4120293559,18024.3926765473,16791.6750366481,7998.06091332177,4233.99190714822,521.689528832202,17294.7527661276,69852.1235529522,5317.20763255103,30558.8241188623,2926.41276049046,1426.4439574327,5416.99566574894,2261.25434134861,6062.84583115295,3787.02919056463,7321.20326957038,4212.90216627336,14.5531025959089,8302.79110999469,1359.87634929792,11.6747382385408
"bin_m12.mtb124",160.344402137918,983.469427972089,182.13901338202,197.633489583934,76.8269246711599,206.292160656659,210.6080803034,2817.96604121235,9601.11839200745,7866.30358564158,1743.47062149176,5804.45986816862,48.1911072520102,15383.6315287772,12764.8256506437,64.9187133292276,14268.7024898641,8545.76706198724,3759.98941260297,20374.3829694772,17353.0013434584,3192.08310176658,6966.29638781067,5681.61258814654,903.970930300723,11714.1282207739,10896.0613379405,6437.27208778348,183.929568349437,529.079609073751,1274.423109209,3971.14359087453,664.133214651369,1570.98766724824,371.540912939061,694.492950663299,8123.60334221847,11112.575987056,18608.9102739136,1016.97686784365,106.248743737554,7027.16571848369,99.3207078602091,9105.75351202057,44.4064659244531,10620.7066401104,6882.91126351754,4767.70700652226,37959.5562827688,38331.3116630788,9699.25530967327,399.492970745001,17.6701272124467,177.793679327064,123.183597293376,259.681356417756,11.1015899056338,267.737777511324,925.815220400836,124.58691130316,139.626076007577,905.964663556952,419.745823305611,483.488216448358,2314.82836193456,689.252776435747,11226.9483423711,4988.25141307186,3459.34093263858,2054.10038824867,467.374205704958,8673.8724598416,15.8100008334577,12.8760846339422,140.998486932259,93.7740694931091,13.6704675583306,114.255651730042,7587.30079823565,25.8796042560957,78.933991856235,108.242992296879,734.142688231613,578.101642122993,206.486722818219,158.57369055234,142.011062204036,799.006351645663,1478.13907019587,1130.47911230233,311.97148623101,607.158865334566,782.681824668315,482.00751856603,403.107075822418,157.666871333802,437.279216994895,1207.18475662643,67.0498975848236,360.352721508683,6.2887789696751,285.082709243273,327.666547193961,781.309948853704,205.162883262592,2331.24502701993,325.523420075525,1634.66521767094,11.4100555317586,331.038740448621,712.897877250439,726.159674338951,143.136738213308,385.127247010736,1534.23668964491,2868.63745442717,3018.51337093871,1365.93236292311,6081.05578846287,1925.1566689469,4826.90940750127,2558.54833686555,9495.98250880527,11.0400458202697,129.577627903737,240.603974559466,145.154737325901
"bin_m12.mtb152",765.718776732836,630.811340167104,762.139676283136,876.692862582283,199.334957748436,466.923625354291,165.204233,1191.81449310083,2647.63659739693,2949.18273045596,240.972487312759,1828.08802770509,16491.620349061,2923.96290226515,1332.82233315367,152.256708420146,690.543138667207,1569.01010355464,208.059430675285,1326.45214896537,367.216229137338,477.693282586771,1043.84476679072,2059.96398418228,597.749868258192,2756.62166287721,3833.18046566752,725.999749657103,1462.57340212212,43.3244776139105,3670.5613322581,869.12492789658,469.127092388684,2286.4818914407,197.144680867806,724.538372467967,454.586660069579,675.860881329702,902.192793405274,42.8288641929775,573.489684080693,208.285551527339,44.4623369211326,2266.20751798342,111.391956845781,533.190083235522,1427.26424248666,219.584106885077,3476.0028930021,4140.05048369254,1467.76836945157,89.3027709024649,24.6996006873898,1260.6962772403,1596.29590508543,106.315440545399,26.6205077495617,90.6980937392338,293.824585603455,440.755716258054,321.364063647501,1009.80721907481,343.484055775392,444.894514586575,1258.62585246944,2476.0526578999,1765.07253348679,1383.69979645105,1149.61756387082,212.361004045307,1515.6681295904,2633.72619361087,12.7073817998494,9.08330842164179,272.957049759265,208.023830867822,10.0252248912626,306.846302368941,783.939655229347,65.0064008729272,165.383509444766,139.921814299465,191.231114340203,354.059545297549,425.556762314582,200.468399530011,264.78007427972,850.44977821721,747.006988634292,944.739811497529,289.144039521324,1176.6818623997,797.960233460759,702.937984672925,188.503889994617,748.751908794717,939.743824107322,907.49056070908,194.434157604253,333.105856073441,8.77104914045484,1080.25699240894,1100.45704348771,1041.09414625475,1005.40296385193,124.589598004456,513.338054353337,532.32405969731,29.0380198561758,102.687530820075,182.383192784905,898.579708516258,71.1701914797335,368.247008554003,1428.94238008576,1834.23547485915,482.962886740488,126.555332407394,410.651494949872,307.551529241272,1990.21719897837,1330.12955277137,680.232656882219,1.71602043282273,1115.54028956221,655.63399687423,392.911690248686
"bin_m12.mtb29",2.06005986572847,2.50774887064776,6.28452513392033,7.49681779762619,6.0637532709902,10.115866618254,3.72105116510216,5.47906389061933,6.01945725825279,7.57896210812775,5.21360940475151,11.6667250210836,9215.38246569159,2291.39797368577,689.975418842523,2.58884214604744,118.066057461403,1751.18489189173,16.1985394379261,3803.4305733518,4.61982892632365,21.1006281652893,7.44410233053634,1267.24013417932,23.5813122961812,3706.52344818677,12.4250506237129,61.3105156296668,1.43291325458097,6.76792272174529,108.619283726263,8.54268830237574,10.1831711734278,2.14342654432249,2.12988597682931,0.316704359113951,1.29511943547359,0.36596431529694,0.452798346968911,0.134739248030654,0.157038140085254,8.10140840378302,10.7905993368686,17.7623522697755,13.4240425440234,3.11956951442228,3.06168450929293,2.57375126974336,4.47300138865094,5.34123409959919,5.71837398978383,0.504189815273611,0.980386867263518,19.9771530004368,0.167745701923073,41.4448840719253,0.696287343870379,53.4638765673072,0.294907024742116,0.770975543173938,0.160364432029607,0,1.147876265924,2.61377511533645,70.6604273016114,1049.75686516303,88.5288409944002,23.3018154116885,5.03845938766076,0.953874102550338,0.170370055058127,0.613220565751441,2.55592680601617,10.7160045808826,2.09129188153615,4.65027563473406,2.83853461859388,8.32294829729661,74.6191347901043,13.3485919274858,29.2307793392405,9.73777210218053,2.84076776297446,12.460442370859,11.766779384049,10.7485233774373,1.05839478547202,1.82828363338629,10.9744684223378,11.9583601222083,0.816068833635369,303.483923242705,251.078347516403,0.223002051650834,24.9678578213902,19.9500255229847,0.16570863671242,0,0,20.1744044898384,0.170097824789098,16.6212929125951,0.912795013204073,27.0932547594701,18.0582479985596,3.07131136858681,7.14104552318057,47.5523198483452,2.03747305976101,6.21257907467377,0.244738576885219,0.871643940538844,6.12740643395011,4.57660272981951,7.08277092445082,5.27642426022484,13.2589943490332,19.0009179922163,9.38644304355982,16.8564896343944,12.9598571024862,1.12175897211956,9.59405039617533,1.41712880107015,0.284364596975725,14.1620853548447,0.296031718456938
"bin_m12.mtb81",3776.02367907164,2442.89398556273,11795.942665234,3842.04163476064,1970.3366922873,2141.59505422375,2210.35985472928,5099.09022400582,4854.34629399389,5454.69051422562,2508.68263217083,6146.16672465823,890.296973714247,572.231710447519,2182.7191997204,5789.24603626412,6405.8090467241,4239.99264787677,2732.78586411975,2368.05375183414,5509.83975713312,2339.52356621973,2566.74945171506,4175.31878042432,4909.01497484567,281.36152140128,5545.04172398443,4532.7349030911,360.618702067111,2264.02136633884,3226.55331348199,5483.56492737456,3116.9368994892,8603.70751448022,8296.60638640207,577.814714031545,166.461734006329,324.213209198104,5477.82150020526,3556.54662930705,4641.55338389594,4882.06121111184,851.403590850506,1971.94021361293,5180.89999108579,1894.1036604995,2147.0993825558,2623.21332558656,9843.09943917389,10335.0393279943,4005.64385930196,1552.02739468798,853.696904037648,146.139418662837,1332.0977570929,760.394066720459,1786.74803701069,633.161852242636,2891.85129627033,3351.24051444693,3276.50366558994,3107.19140151678,3335.50567316,7495.56962738413,11823.5531474768,4232.6839989674,7279.87692904443,3122.6129978995,3047.55553201826,2907.22077641316,633.774441982902,42.6894882519193,844.108707746958,381.341928575278,1771.5682999196,4826.51354121376,1517.98402744227,6073.22971281124,1665.06255946244,3761.44661007512,5921.67126913831,3115.04876339333,2329.06580737649,8370.19462430005,9223.48750185265,4341.44044622595,45.5251107211732,743.594836401131,1527.28474209533,1284.71449240573,2389.89150461548,4088.63466989658,4423.3961792378,1209.91108745584,1189.94882021876,104.055735788848,2592.52919411922,996.42436613293,1753.41233785271,1806.68391147076,1911.37310802417,2301.57449379847,4754.89321480396,2786.29427563492,4542.63045305064,7571.85263527515,2090.86901672603,2315.62969957039,3238.49585963093,577.601904681796,1135.08816202153,704.721261910087,1947.00429115874,608.95998865019,1284.69847852803,341.268051609894,83.852576011105,123.594189151337,237.397192023203,545.395580622202,2053.11159324259,2325.88619383714,2566.38594227361,13.8461391873313,193.373801270813,401.42141964666,607.719323353725
"bin_m12.vmb111",3.12040070934563,8.14060212391816,1.68928261750621,1.17258210099404,59.187684580006,1225.56111931719,4.2950618900902,4.38013999779058,4.98713504087736,1525.48230661267,59.5634678424998,88.1579203700718,3544.04072611924,10.4450839116929,1513.9660763245,2383.88900094034,1584.25294793512,5.6848412090828,20.10917146842,5.92916845541676,446.329031345696,798.602084499855,26.4108802958177,0.426706582555805,5.81708363487806,6.95290849457653,423.171696416012,641.490113601032,7.0293086720817,31.2640547921468,101.447294897022,5.05825660930977,593.498926802141,3937.67851479515,485.23360588671,1.55362698397035,2.46432830376009,7.65984831371877,1.18466695710149,4.93530045878479,4.10862576705584,3.91979068966283,4.50922964579129,1.82568805981631,4.80611888523463,5.13403739518353,16.2027678496046,4.24520026451043,15.6037582135658,9.59259407550921,3.62339534566709,4.78182328003843,2.77875996930632,4.04123929713114,0.548596277996419,5.13631062278716,3.30185470794234,4.58619005907443,2.70050262967457,4.37042977261769,2.72717401122411,4.08013767806965,6.75723521831409,4.41192339657952,244.10090276267,214.428370294621,165.692080558611,346.287474626177,11.136719757283,2.56904450455809,1.56010112714201,2.06277862941941,5.01534853007958,5.04657623495802,5.31951009761653,193.849952840506,8.99000374823392,36.1275759679012,1152.60888197129,15.9004646180859,30.9282692949249,1921.68199004244,26.3849044958692,316.709232193038,7490.71090796294,1936.33538672776,3.4613789402905,1.6882522727295,4.3340014583578,13.1949262959912,3.41616011065361,3.58848503028007,12.2270114092435,21.4416224504703,5.51436306461972,7.78147211566069,1.62580275303836,3.91550527880542,9.31503227960426,6.26795377329275,8.01055686118428,5.33327198844432,2.98520880759789,1.60493703822863,2.63339579382641,4.73523135487104,1.08308899914489,3.98119206467678,1.88141952427568,2.23494103864205,2.88141880811109,2.28050252750814,4.83963093221671,5.32172145954306,8.7902607848797,4.39244680050234,12.8145225188489,7.83142884391066,6.13949288510984,28.6194024476936,2.29102558967821,5.21757220085304,7.84410610512329,2.91316723375431,4.46393867020573,10.8805244452035,2.12991554189234
"bin_m12.vmb143",33.6419380266748,138.697158670258,34.0344353102124,15.9122551882204,48.7828776603814,2215.98308997217,176.54201715007,1289.62226977456,2364.53853194362,676.427118685821,81.3005113190339,122.112030003057,3540.79811528003,3554.5722404316,942.635037438632,40.0487703051604,1727.36400022366,174.18718357776,275.542119456559,1882.61205495714,181.093139752161,266.130232282612,522.986493298473,403.276202672038,1970.49836437304,5663.0657651675,1598.48798250896,1051.58300370035,723.663841730057,851.650155693951,3043.42655269548,4186.3923614788,1054.40401961435,107.459136278266,1295.42400187078,2866.49175732926,497.552783407922,2534.74498245294,1197.05187172596,521.457438200926,3445.33533178648,34.2349660470094,120.383469302868,87.1687598964575,53.1550296508574,52.0198117115444,148.549249559403,176.420735868716,198.467898403747,122.118930999587,98.9588179421121,117.330277589736,278.649782389302,139.647541649038,48.6821991956761,151.826808409507,164.066632271418,493.758308683953,87.4410417433361,561.94874558678,426.593103378004,60.3530684521305,109.840107567581,101.059843215493,1332.9082589929,2271.73102378878,987.896405480206,979.422448282365,732.599442927762,233.555153527223,177.977356038514,670.354588930447,1381.54521082866,265.612422827183,2828.06112389643,35.9058189626773,170.743418013748,52.5735746667733,319.297701448381,69.5567256099966,92.7814012917142,257.261637962564,241.629014030402,130.207865863748,47.9785901744937,106.727843411688,82.7866765566997,564.833176289944,551.28981451549,656.756214938774,677.020114510153,180.745454252392,1923.13874872841,100.316830466155,190.150843230111,96.0934718181037,47.8924956523357,163.556980659974,83.5729026430356,260.570257936474,4982.63722696621,103.224226353903,154.596934765188,60.0159090818065,36.4580884929468,224.44435369721,152.811008157007,223.995977907616,246.385553118154,174.995040332964,244.525121337958,66.5403422422511,1185.99201426616,680.83535653993,802.932062701051,81.5282086343517,503.790204844712,3327.2964424086,748.75974850309,372.192424699504,1082.40308948284,50.4694700799482,941.519391798324,1.69771320482807,254.421742045499,1946.52418501477,2.12786709475991
"bin_m12.vmb162",1.21142506294202,6.34177418159934,4.59563859069926,2.12439968339727,1.62137699114267,2.74160099192792,5.57055396843502,2.26732050005679,4.40066693268292,3.42140784364122,3.66770133032485,0.762295165846531,1608.09706380474,4765.66744551947,24.7144643562456,10.7596034162427,14.1968249405403,1.64844659048415,1.23120065258764,2.64789776411324,4.04842430212696,2.11514753462329,6.86107684898415,0.303708511853663,4.68398782169303,4.37237566772414,0.75507131904631,136.680177490522,7.11553724163043,2.62562813582628,3.30907892938104,2.67923002603036,1.23335183250056,6.45078335387482,3.35602162656719,0.589757000639498,0.876993128827534,2.72594943163324,0.983718153974941,0.501814468290214,1.36468050559319,3.58210918035789,2.41871238139708,4.88272136550319,1.05254038838846,3.12320712811008,4.31922242674885,1.38920565528672,13.7796401497729,1.57342280953683,3.66044871114529,4.0685085216682,6.28833591666101,4.34648902778888,5.62267485561519,5.95755161658567,8.42793003621771,7.07248071360065,1.09833336595693,3.03089406243252,2.78717277296484,0.841750424638052,0.890641440267525,2.40747710575276,9.3682727109756,4.72070671447402,7.61381527079971,3.15328295376263,3.77455378192863,3.20426018181476,2.22080469828963,3.2626292916011,10.7395365826829,30.8637491286584,3.17316482900183,3.09774257245519,7.60417767378634,2.23087856319487,505.348047902601,7.67950107728998,6.22595641632491,2.86316465313683,14.1066381706261,4.22979520327115,5.94746966569922,3.8491472506432,3.06585973354633,1.20161395756576,1.34956787487295,2.32366810802896,1.21572638655599,1.02164203029418,3.86781257121775,0.553689973349268,7.24587549373504,3.52189545911881,0.205718310584656,1.43838029191195,2.34811665780005,4.38295061701059,8.65785725839435,6.22926376883903,2.40801949115473,0.761542879699222,0.661524735533849,1.08939056020293,4.23988869332222,3.77815253477595,1.48788977211281,0.964072616378963,0.607659414386414,3.84746244168725,4.01870988130579,8.08050457053305,15.6693578209549,2.82857981378554,10.4412505574694,17.2336891873466,9.71063449894951,26.0467145595542,18.6979825100212,5.57041238660601,3.47389428724959,2.01061573146569,5.64837228914798,15.0698254720961,11.0252210521993
"bin_m12.vmb38",33.1263875368358,39.8763267889287,6.8764771756529,16.6789766658271,11.3635599488884,9.67342056762282,64.5803831044419,51.3625971492259,68.1815671407517,17.0262366480571,47.196799811618,40.9235256873832,330.34140687171,3004.16780777444,187.134239684775,13095.4229690005,149.565442986924,5.06209268424256,18.648960834321,15.5283970319548,8.68267133968313,18.5816495177701,5.0676583057718,8.38632213589652,32.0208819649145,15.5047628865452,5.81250505496052,35.120080895341,32.5482551960033,41.811621913205,59.7145548175778,29.7183956635558,39.2643085393722,67.8348331118287,35.3340292724909,34.0720081820512,6.23045002256761,11.6927086871959,26.6736996005397,12.9149212923338,4.23345861512341,43.1036133998488,59.7052303027314,55.4846646144908,21.0219207482524,53.0509673995178,15.5626012589572,8.6031178973862,12.0749277391064,16.3604252409623,21.3214577380829,36.4971108546639,12.7252771211729,5.96329468129374,4.60585759864456,3.48468657628564,11.4709360067281,11.3762826614134,3.53339975987756,25.9159499273022,3.04220210768529,7.85307852551184,12.7503324143687,12.6276982536738,44.7507442860067,53.4768426422889,28.753906871959,105.191848894325,83.6128860446426,20.5045212429017,6.03876359609973,9.2715201865548,16.5877767206198,17.547011072252,26.4486436269933,361.083523394537,27.7446946830949,16.9033960461054,129.686113302184,893.836448844531,329.33808649336,209.549352373838,13.0472797445118,18.0785188742631,95.8345461864705,1639.29243900024,981.901049714481,1.82545017276893,15.9710152068373,8.61744045977379,7.65915850352139,5.8429856911263,6.12999207465863,4.00781600460837,0,1.46195281608708,15.3042935977086,14.2676615935099,21.5511815158724,5.5393630449181,25.4751312634492,9.23713648964439,5.126514582159,15.6182780081968,4.01986157090756,36.4700585856486,143.42623182039,126.483053298284,14.8385358507928,79.2426973005499,12.340143782756,7.25244227606777,52.1753853084963,5.07723327149561,275.255985653597,2.27492479619714,10.7685863921974,9.35579367534326,10.9338786698276,6.26662547815967,7.51905670888254,24.3915570821125,39.9132566956942,28.2986509041592,19.2121832775299,5.83561211935275,28.2272148782704
"bin_m12.vmb59",8.15759111198066,1.07508453727507,3.7866532697129,10.6583482987952,6.91083422612139,15.6671747354924,131.494144634235,12.8602396066436,1372.7608483134,1099.17638154608,29.7715391899903,1575.11384951746,17583.8875988405,2966.63156486084,2104.25184729375,1.82401374264911,1899.31395795385,896.760436426639,397.956362945522,1766.26066736462,1154.26679030744,21.2383063165232,14.0998499415478,2188.26480660187,19.1848040958985,9300.31936279938,4.12352206019734,738.411203378259,2.07325274545841,0.367213812116248,39.5307938718535,6.55743268229142,0.766637847595467,3.60876197842379,0.284463531353083,0,301.592741953547,15692.870776653,0.917202474181582,0,1.99949427188742,5.26676400690011,0.867372025672689,12.6297057002428,11.2857686033423,1.0483295298915,13.370208646401,0.518108915252765,29.1474920808068,11.0027497816032,4.55058880555845,0,0.567400645549851,40.7643299458323,0,102.50987359684,0,122.754753050011,0,0,0.185622401309414,0,0,9.07636201963979,79.9368552850242,501.95927443054,52.470832216947,0.255658145427219,0.201104644439482,0,0,0.608404276469227,0,0.496152538956738,0.336205250316938,9.25563654011289,1.21048934343632,13.5749596064434,974.42344383968,28.766575442954,25.2101918807034,3.70773220238578,20.386832589509,12.8454901014416,1.65386795626026,0,0.510456555957725,0.622424946525051,6.35149314553924,14.9251192205414,0,3.38688734867522,18.5617570376451,0,79.569889424433,0.31778292119677,0.191808337266396,0,0,52.2499770725559,0,40.9286877106896,1.05656347925653,0.591708281002615,2.19304775173568,0.25393241781976,0,82.7831373347559,0.277456744043396,0.539331180660119,0,0,12.5791416742335,10.0062641506546,13.7689944522705,8.60599437128252,4.69582582647054,4.72009416523338,2.29833180466743,19.0963096305372,0,0.721355558918346,15.7322923038497,1.87466472594519,0,46.0555804980971,1.37063107444135
"bin_m13.cct136_sub",6203.11247937793,3260.02049460448,598.66703860221,11556.5256786045,4142.99883065671,6178.17451935542,1002.05109049866,1190.62508567692,2144.41366306761,479.299130630018,785.172466644738,131.43699262426,1499.05689719282,617.811654675708,1314.01747254934,221.128688352994,515.558322633822,179.249931000163,804.89163246873,585.021562512553,752.164883591936,1576.61033915794,1845.65750232429,916.421799791452,943.917886892103,2823.54167296546,1083.63520519069,10694.9011679745,1374.72363384797,1495.59754844967,1567.94631257865,1876.20046651349,583.406684458476,1083.77480194664,2376.27984934053,4151.84111911725,1000.35422543337,617.069199713475,6211.53581756114,31.4281371438662,146.775505688629,4442.06405405685,5777.30540553196,4134.75981721162,1041.94668185555,2289.22017660603,1017.72182417767,84.0022877402972,2222.73236821421,301.722588107183,6206.120841738,559.442682859763,78.1043818611999,1110.12132686441,267.895568144213,261.204727276503,719.765515481511,766.990959228768,2245.52491989358,220.989789835749,463.087541377031,731.629110733123,515.689849269903,2274.27146391534,1772.57219793708,1334.89115693676,2754.63756423475,1756.06775159187,2302.36892222371,1678.41821019488,2180.61192922475,839.213309162238,141.131082750265,155.428183048137,1873.18075926017,101.817207357518,5.52152812100471,81.4070444458359,346.330606183561,152.68412638684,38.0118432522105,150.693740262548,90.2927491626537,172.296694687117,37.6211665403549,35.311403294163,113.874155036098,145.565359677316,379.966729303496,695.874605662464,190.349312447493,737.247669871612,581.08334999102,74.8181731641513,199.204128808766,1358.98789563269,141.337636811927,713.378966320018,1892.28819479131,1453.55102340541,85.6377828060353,1480.1898377412,1419.62427723971,922.572726389704,2214.54503587559,2503.75481436201,6556.81447933324,1594.0734574452,5225.90919658665,1520.40027087551,257.588945481933,206.414474590954,49.7551781926621,38.2562467409705,1626.26299971967,27.7742487408009,852.892725783575,3771.42713533621,1584.92484878876,209.43297452354,1779.13647334406,418.786527843665,863.973274163205,3.65797005271474,2521.26075299025,655.606892473157,1148.44009451344
"bin_m13.mtb110",1578.36322756259,2570.21422985093,1881.48705849334,1297.04604153934,7197.32723841163,163.127027192442,27854.5695050428,15804.5423953013,7676.22354433558,1016.44119322721,31519.7011739641,11233.1415418752,592.510402537601,1819.73719794363,1708.76472787279,5257.06193742653,2114.52228565272,716.830610578352,3197.31969623948,1842.03649529283,517.463079261535,4419.29071782967,4977.3719837172,648.166237937097,3437.14020648719,1738.9321445811,3113.29947953261,2111.87518550603,1615.61582869572,2745.42891846266,1163.41443173474,2078.21184150076,4328.5009446856,1653.22100398155,2475.8376479119,6629.58894406099,7423.13754623567,976.406771210505,444.270993910494,7361.35079719072,36873.9181972003,595.391819625174,3063.3434773915,727.777697483775,3030.6317560079,3830.6981569823,7955.21064243074,3017.79837623952,1775.01020357473,2851.75164894499,6381.57976228315,19230.0571387463,2347.20841341226,906.703371801185,352.789381739321,1898.57319338684,1502.2957871632,1448.01084111252,4544.64892621817,6061.74970489602,4756.97382292806,5283.92541302552,7883.11073826976,8588.07756475977,1250.99692675581,908.177596636814,1797.46112516759,1447.01070703901,2059.69800733266,2013.74978199463,4220.52176076387,421.507945713077,2938.07297785588,1727.86400301111,622.231086621095,6793.95943588066,4630.74347963668,1147.7649500404,898.728671205156,5245.62438944524,11476.9010361176,1344.53229831658,879.738623163583,914.002283092706,240.799111539924,2610.89007384443,932.583274672943,1634.7891552472,8983.0948888681,756.136691086036,2257.79869066919,1370.89252761504,3233.21410201653,6405.06311400626,636.518586720648,3019.48669925931,650.46206523506,11669.4538030745,1892.46841956168,3878.70341825274,2930.2562866842,1554.88150898914,2874.30645613352,2678.36572651715,278.727552953223,13310.8312254458,13394.4799659415,7497.86248495076,18342.6268415415,2643.85534718348,20473.3175396418,483.202629042954,224.249764368094,742.106999818346,1276.22039267064,113.492913439674,1977.19271586539,3443.70030598485,302.577215030743,2227.8020161095,1850.84784041478,381.948137122807,10456.7551297454,5.84417085665842,845.436751610754,1360.3582844282,4.20713538353068
"bin_m13.mtb113_sub",574.277422289699,433.648563807486,17.3526403077314,49.2749668276995,29.9742706782226,64.6875540723765,15.9442526788691,123.469303255417,165.379134790522,45.5478121743749,13.8730455283765,31.7081061134235,5.47113240240023,3.94175227488209,879.146195937305,63.6832737530046,1249.05427291547,23389.5162009041,98.631480870703,31.6588379897921,605.386912323948,971.940764150354,17.7823876635105,27.1780916610788,17.7487773012785,23.4188487321792,3122.64198692746,867.258315048157,70.7765985003959,3.58772314292458,8.3117779224343,7.53728312599825,6.60895062793128,481.622218688322,64.3312998144708,27.8890257292952,5.87424056210408,1.09553077636668,56.9298403205681,16.2683713563349,29.9297506087468,38.2051007204933,21.3852187019717,24.4339870911835,42.7235105399297,60.4496864995166,104.845379386494,31.3768719703085,44.6337751083913,155.917542339736,50.6413768667227,38.2359820227436,1.95655503544825,6.98723526390562,3.09661859595125,18.2835785596557,0.86848656016466,1.74914250699001,38.1082910916145,13.5912626218307,11.3613774166404,29.2283213870436,15.4629884908892,147.739159688083,382.662082299456,144.671821720149,93.9260347191702,1685.14074501638,1840.1085173062,19.764299656746,7.2251485665398,3.40916378502867,30.2127577995347,2.35244868785809,150.191083924818,41.8190217483503,4.32317862457085,30.4832757579732,196.704031327295,54.2541119225598,25.1644523148227,22.2464055541147,35.149730858334,20.1075160762405,7.7996858645314,44.139135503114,44.0048999225589,7.51202938350943,32.4393291143646,16.1868735393081,7.49167980474943,38.3214837145137,62.7259723687945,9.23467345807036,16.5015721031407,0.273950946092274,4.71253503820112,7.90029145375024,5.55108063023399,11.8269614938537,15.7850621551634,23.7047925209083,44.8584312215291,80.4927745985082,106.934769192563,26.1594316908763,35.2153231306127,23.9148044065165,11.7201620683762,10.5386610999403,1.70948407038971,35.4672289208067,58.1428000776877,5.98752446611916,38.1465509330731,3.47016094553286,41.4686278616197,28.3101916393165,18.6124152208036,23.6198863328267,36.3493304862243,22.511280790899,131.036026583993,0,10.120515565212,3.58898157370425,0.295394791964119
"bin_m13.mtb118_sub",171.191796698034,123.827820982377,387.126296059802,250.266855565559,116.296832908644,132.096751243881,61.9913926669339,65.6286520279144,133.946161277953,121.993910982898,53.1592784768811,50.3107085778811,142.735234194515,474.892755379734,237.400793162148,5369.9051191586,2836.67657807429,1244.68869902091,364.962536218406,14818.2077648063,167.709130954039,280.626958573691,287.166398864612,3144.04615777161,438.626631440836,27766.383358394,1025.01210027777,1568.40308693918,803.519776564052,71.5824412794741,190.718645785156,206.853603005257,124.233079881414,251.377082524891,99.0834343703976,313.606445318003,421.788609923751,4646.72950604612,290.357323122419,136.642928798388,1401.58996492559,532.261019167634,87.3615671137599,1046.27831629966,832.900155261809,507.776183784435,959.594575400873,1027.80768377193,7239.47818867072,3026.24528584347,259.607008396796,113.070914328109,126.772130631171,527.9229169204,95.4307689780243,887.009615056263,414.704874471537,927.862377602568,594.135349335784,1545.51433381555,1607.92308455418,1216.69630191591,290.077127751536,601.674393250161,489.263788162239,1009.20527359823,1049.80346567076,1216.47080898218,721.896847600843,52.2767417448156,2036.45263078858,1663.55917815892,114.283125391023,28.979752073736,1819.47675462204,1916.08217497374,555.773220289249,8505.18544573386,2360.94858242731,259.845313652751,4861.00178124017,170.39949871917,205.410791344794,226.660642267496,117.805733587936,11.9297524845825,157.58442382907,234.890006452687,210.247079192959,364.033799723529,158.25303250816,215.767484344322,283.54709006424,88.9901936181449,708.742076309854,168.41046837281,134.371585015664,93.2996933188014,127.510419638092,1047.71467455699,45.8600415576544,4997.43241146326,2102.09123893548,1215.95935967213,1747.86297627733,89.0820038868114,67.9225074427313,739.280429986052,80.3380767330818,85.4133397430697,40.9624948382402,111.952179004618,73.2542155262956,90.8966578591141,126.751609461013,106.881036634632,345.172941767742,304.381297872637,8242.80798674858,330.30137713432,485.460762538154,3594.51207764815,961.424343173498,3.83907902533521,600.210271114392,750.265701932997,47.3508639652995
"bin_m13.mtb145",55.4798855357433,47.9090901627838,91.1578115310276,357.916422105679,1105.06666083883,2633.84978235534,112.634336409932,103.753208978946,561.541033168887,966.397607567805,362.443324420615,465.343792046432,1054.81424789209,5813.81322492092,1369.11078796406,215.517899544472,3770.87296416002,1666.44150671775,881.933699506109,8739.53687701946,2172.05992335889,1325.88773129593,1422.73185216141,275.667443645453,274.468622777107,5777.63608018844,194.477535002395,849.688613369819,23.504156160671,49.6598393372658,93.2882223432572,183.680809670183,74.9552724025871,103.512921300073,96.8828315378408,1208.29248644244,672.226021680401,1245.28770826948,712.271152747423,103.862464154739,558.210037247086,213.774620598174,80.1504016799872,261.985572337439,61.4593490932463,64.6145311467328,238.671699659535,20.687327166773,119.499015703936,84.4278386349844,48.2267456204538,57.215591670627,95.4766382360644,127.139671795686,47.6241755491238,240.874634273719,312.036902004914,271.979444218151,884.114202601365,654.004785639855,268.009818476804,1462.33143374753,423.822895583254,1087.84364639546,100.025625568916,39.3958971728537,81.8666956159732,367.307651246147,646.973484536153,41.9554091657235,683.215624055083,34.4869412431213,90.1377577335373,25.6477053134819,17.9308707286786,94.9652064563731,6.90472279982251,78.6034524644433,2075.2426479171,34.3041565653114,124.524906656368,53.8246758430514,118.632552391155,116.495492060812,29.8967838808339,5.80018713062086,55.1035972928861,1032.26687554542,471.409400338197,1827.72076128115,383.362218930554,628.699620746613,367.395502802123,60.8272173113275,402.223244242641,384.510041289795,154.471728506771,218.977265470469,295.676250107385,233.310334452041,42.9573827095332,1796.3763078369,179.954033515999,1336.55892603353,2056.02242267332,33.2238155353225,26.9054891032629,174.249806958787,46.3909667528784,52.8112905956871,20.7035072302232,203.823574194778,93.5070855358685,5398.2606401097,196.798118246917,565.21908644213,98.3218181100194,68.7415512455603,135.468537876326,143.262415093797,42.6391104576707,48.4502002203229,402.172236184272,2.00498051863958,29.4143830089834,81.8168724735466,7.20738777550262
"bin_m13.mtb182",4328.4003414777,4521.77589484953,9506.71039877905,10064.1227937345,2118.46591660881,552.534747462746,111.104093735612,116.295334446772,320.167926748313,295.325857993626,295.306666063129,392.392620704763,2495.57430416376,49306.0889689935,16232.149212414,332.971768780539,19440.4086485824,28369.9655588614,4287.2713992045,27399.9507622269,16551.0236231066,13429.4986115607,12949.6848932343,6730.97788027643,1478.27887562639,7417.98529469359,4843.57130490554,8219.42546915797,548.36730596882,181.155283348621,2342.14139732956,2739.10185674315,575.253767867181,2202.00964142255,191.303031540759,94.2065144633131,118.411615863416,219.982390066763,262.293198697449,10.9819957398729,99.4245249382317,218.945645713706,23.6669303967742,217.436517477063,98.4103511188001,144.340673373347,625.886177084519,113.926716667777,685.626548948461,657.490181239578,232.779503243426,28.986133552115,34.1269330422982,508.078349236783,266.363845672777,645.754440783953,28.5656548940456,339.640406134245,1215.13382894235,1042.35698574341,14635.3266902506,260.629196574017,96.3775582824177,138.486427851626,2366.89024087765,10300.586426168,6901.81094259528,7669.15829916247,2223.4307839513,349.448795370268,4180.77117756938,359.301296968873,54.9421200886866,91.0845804707014,15563.3306924012,656.68748880301,28.9195386130066,551.516863651448,14799.5422044854,59.1536152050811,1040.34965685413,394.137167205814,772.345690227482,983.078523516673,1068.60319399354,628.467792968543,5179.11184499497,19187.1225229195,4342.28159309104,28489.3485926527,7104.77853263445,1383.54673165128,644.30998383596,154.90089259925,325.640769849731,252.336861013866,285.981146121436,92.2568300584357,31.1725838531854,2094.31319518386,8.4173774389296,15068.091544033,611.125231927296,3507.90408875824,11665.8981381722,110.317138441357,51.5908177006106,340.791597095075,40.469707286562,58.5478332076785,18.8789321047136,701.275740869209,108.195927999787,333.64432161741,240.998026043785,8934.78305658514,322.87953570185,293.976469074274,387.340148634797,611.520045192962,271.084765776872,689.44067808336,4587.51826252192,17.679161353341,317.377133862881,574.853982229542,515.740837636182
"bin_m13.mtb194",281.163155246419,212.762159788818,406.372009144931,762.371141848947,421.089964318233,1490.82580021833,2819.84221423058,6842.64565531507,3902.92961064841,10156.8418745157,8661.15947508033,3475.32242936359,65.964193188815,41.1634197651754,165.9322950364,192.326495331898,4912.9143848505,1970.17249952897,2848.01426301737,317.348535493799,5895.6588039273,1342.3202889809,2129.00386109321,466.223152113717,1607.40966122544,132.471719652494,4218.86165019504,1565.11935864204,380.679421212545,563.427753204639,419.982134341842,304.259708084541,595.804003434508,1118.31587502854,5917.64088957469,2272.45655706598,22.8072421449625,20.0636418762967,15733.9099457969,12067.4442799997,7883.54370898135,4744.92171302373,1244.10713086647,196.03599792107,2653.71765509118,2969.07245393229,10478.1532190944,4257.94967111158,3694.46581821928,33934.7149811557,15701.8331311994,4786.62487195397,40.610180113529,575.65345485926,35.2532381013068,655.74200334843,348.728859086625,343.564023069895,3337.34347176371,3424.05968318755,331.451835217955,1976.85538361525,2245.59545459148,4804.47941498386,335.778924484758,903.901373187876,1563.50225195219,1375.38072947955,1595.53821047365,890.864640217593,949.215562067434,20.9719947230226,368.100829285151,199.356518760209,600.654681769486,386.72127214272,56.9241332009684,262.803243978499,423.084817890049,167.188997055371,87.8521762553336,114.968080060027,459.180398730614,352.506671319703,73.7259852882163,68.7490375021251,50.2887466844713,1413.59269868908,2650.87216188759,583.108923781322,4258.37123865015,4609.72283154313,3084.00851752925,4959.52733195269,12591.5393365737,21.072073855969,4028.96481658233,1771.08744352602,2153.2213438371,564.772868612526,644.854851707259,233.900906352257,438.294232790602,861.883435339143,884.802007044823,8842.64484743196,1943.13084133413,382.013899848916,8261.93322324817,2397.38893894701,323.027691319096,492.206525873931,2044.57267339847,222.192837241281,675.967921012746,315.901327822862,5036.12328407838,1936.19571721261,116.005527472709,4661.34020180236,5006.38713185669,901.990577846535,893.991173901362,3.32968819661171,449.771954119558,201.705584700765,55.8570607776429
"bin_m13.mtb55",9251.42458310975,5982.11846147886,14481.5555435911,8209.29273450186,6929.13880517227,501.731687168399,286.713855936278,392.21714370061,1929.69071940919,5352.07609213993,390.535123569626,968.695809352938,6487.47261259117,34330.8980357568,6861.7109918263,295.143277487131,20746.461338936,26326.0931440603,2563.62624414183,15454.93486287,545.073458552171,686.224664609137,1546.05898884428,33.3802732273274,3195.99140765647,7560.11182680948,72.5767767052152,4097.70305371454,72.6806674293339,670.634690011464,4440.46702721239,11434.9807940432,3900.4869896349,22288.4500230501,2906.04648615512,1814.57170358234,12121.4514379073,7775.4308139219,123.833643227785,191.200131523758,159.493061838485,81.5063045306376,55.4792463098173,3731.14198799454,156.256651983521,76.8921012078411,659.160502946587,67.845730947596,4351.27890914008,391.62386878304,677.6293925928,335.59835055414,122.525420233336,437.643351413838,150.465206159373,582.838997042502,299.990525501791,597.425191205684,5631.86813741737,2794.87306047599,9462.14060898203,7271.42609569634,712.805329143752,1143.74607403809,10738.0034372388,16579.609664285,30168.7702432731,3603.97557813754,6604.83445609159,88.543495981115,8734.24442601502,152.999273718491,163.992230657047,54.9261963617736,67.9597783043011,133.765498062899,14.535076920553,77.5417252929679,13607.5719192175,88.7181454728595,159.298873896715,113.257031528779,550.745136792229,399.056538215483,76.4870351811093,20.8462180053015,92.2991960763057,15023.6062290327,3808.59898843972,22858.1867658516,8434.27432445249,6062.44375636969,7992.99172117713,681.713498074688,787.92230964305,5207.0626296902,2424.01824722813,3521.75937295712,783.213526734566,6558.94496581925,74.471142018794,9083.07591874699,6255.11263139325,2883.1738700551,13581.1224833048,157.866327017177,131.266318113359,705.478140797865,46.6422706992854,132.312010980227,297.348173251316,177.651542748179,81.4112512574795,138.285997559948,147.278718096315,214.703517495522,234.917712656541,201.046075430747,293.699783238166,614.893659419819,88.727706567385,123.630665655927,95.5715637349207,14.4120388003652,137.994482487392,420.344877242064,853.156391762464
"bin_m13.mtb75",4.87797453720684,3.59826182354465,3.12002729355322,4.58260505958617,3.96385601196678,9.88208344332296,748.280154709505,19.7809885328162,23496.0971361527,1182.22020037975,85.7877189368418,5695.34168962561,6457.65615525829,5401.78512134903,1461.49380714928,8.86194543449346,956.235043633561,128.680935586486,43.9987332712102,18477.0361385422,552.89436143808,2103.19307099794,143.068897080991,116.789368438457,2.18919305345639,29066.9688092576,50.8181405930496,1629.31130122467,1.79073238540475,20.3519921259412,98.3720993279723,81.0246209319051,7.65632640985575,1141.2762337307,7.67812286720161,4455.30920374407,316.201800854441,57315.2134499044,3490.56066006747,3.36771167776146,4.90632078207392,2.49643900255291,1.31105798120618,3.80534882031614,4.06161111174622,5.28193499604909,136.005132238474,0.279691663179528,19683.335131529,70.9362016619734,25.2354938722873,0,4.28821268655017,189.688122210557,0.104817112964016,350.565428052774,0,437.580723522256,0,0,2.60532670264372,0,0,3.89869298905508,541.834807771489,775.914628472802,559.177179631575,172.515492869505,7.81651297454609,0,0,0.875829252430179,0.61426512247324,0.535677826519758,0.362988564228656,4.03971276572573,2.4271394796821,5.43704771378608,2384.2047961781,8.68002762115046,8.5953240071548,31.5444549806009,123.900182435459,110.46383781933,26.6792784523903,6.71629243630859,0.440897082180668,0.403205727690881,60.0999532554252,87.1981147947906,0,5.0279610156852,129.86213581249,0,252.052918259111,4.91774726529214,0.93189814253648,0.120663372925419,0.139044473293139,178.37663059996,0.212573707838173,149.420289569002,3.4221993260684,0.127769176216535,4.58752296254418,1.23372712504864,0.258674426274073,328.03605062966,0.299559941615808,0.194098744469349,0,0,3.53979157253766,4.44845840229747,5.67400070445022,3.74660431201994,39.4463894499028,53.5634085104961,23.6111362247804,146.564172559876,0,0.934585590379538,5.74512367293755,1.77100632592601,0,173.052611769647,2.21973067938247
"bin_m13.mtb94",118.795130341847,191.176498842264,212.833540968351,141.553163246271,103.958897001629,81.3881387902036,20264.5536180562,20055.2328625677,9268.57971191358,22663.2928632251,14957.4337736608,1216.30810580516,5810.03312321968,6954.70886876786,16044.1309869723,134875.501215583,29215.1867481895,4906.93950106004,8668.57299165773,3278.77681370518,13189.4886615351,2645.72296158622,3745.36085079919,5378.99891783878,1093.79355532391,2579.24769366052,10143.2186723173,16302.7575101906,99.129731578115,23692.2681292031,35565.5303747129,14954.2201960643,35001.4205034849,24878.6498295357,35321.3202557733,58491.4830321567,37109.4259353694,3846.73510306754,16235.4897197488,36544.1783628871,12699.5761354124,587.909368862242,3297.84702570925,4614.76279167529,511.441245662368,191.865674077227,26214.5357097174,12202.5290162542,10220.2662795004,20908.0358429045,22997.8639167353,391.767013609298,8008.32327058027,21359.7445336492,5138.13137514543,23464.8643054001,66324.5712354632,21153.0840531275,12119.5852168277,5058.57582641456,550.087156948329,19456.6330320997,1814.89091022851,13828.2113329658,21935.760114254,28932.4831659081,21308.8702029972,27298.0709603821,21848.1065060471,315.583290987224,1368.00789819684,300.990590909263,619.826607837394,322.92782440197,113.967944210307,43156.5682425115,143.540512132406,6985.42608823167,23451.4294960542,14729.1664616555,67215.1031299356,52912.9867523565,26448.7263102411,28626.1661617842,16813.4959004222,864.278006034269,51711.7285901636,397.107384872996,1554.89416458952,1052.7522814627,794.015309169311,1873.28018994942,1427.81669900751,667.842194412829,13737.5501135812,204.476751865979,577.574551483403,259.135788050713,500.845299078628,1045.69464885337,565.793890189982,1111.50819086735,4178.53755230094,764.785947322414,368.764628942511,601.319199201379,411.411987564646,808.318889996416,438.615570851408,10091.6938562725,327.736645452056,5852.18283683925,6146.19378662358,923.632949937479,29002.2045069745,3547.73105099349,58921.293169677,4793.92349452192,5074.85762411228,21779.0538246726,7344.10908220386,162.82376258591,11176.9538622267,42.27685611933,262.388766367129,389.65442559157,49.206575312307
"bin_m13.mtb95",224.158583120521,1103.04915847619,449.561406036878,122.529133376904,1103.76246426707,430.50839193897,2199.85151741272,4101.05238101463,1717.34512820059,1758.23301035257,4608.48626703164,5403.55157040892,703.397449878115,261.329328232286,471.778530686582,497.80230572279,1066.88965862388,4000.64259293121,10720.8700033566,739.812273859766,5150.08126882362,10058.8078480908,12571.6594796488,513.241143341795,1942.58975697976,1159.37263466517,5146.53453530192,936.83967146272,1445.2591998898,2839.99937507127,677.779773337274,719.184472023839,1119.23065411406,615.580499821445,3877.58337036355,3452.71184252409,5562.30184891099,2229.83844093526,1729.53348810472,366.064115764334,446.929105535456,274.753173978639,3126.89144443403,2516.82261121739,2259.11074953909,1353.21960775266,5759.59276475335,18357.5686690151,5167.27589808398,1601.83491994636,3131.59063296811,16236.5835354945,1242.3966632662,350.465808449433,590.443788282044,3237.64334107742,448.982177336026,2395.48684656691,5262.08035946052,736.579106054877,415.916019407554,6722.41157626176,2946.27311684466,3816.67340369175,828.326288146603,5716.26648095605,1724.18414483239,1160.4480843649,2456.76155782015,637.892368018657,4024.39578513697,147.724385843241,608.688343151698,1786.83210143869,256.652839067291,241.069092555396,1108.58559723363,676.056012518163,627.554414490932,662.03587055475,1135.72683689016,506.913794079823,796.635925321958,1064.87498673373,289.326612943159,1807.90923145478,413.93518049962,4177.0492284031,11720.2287996174,1922.96626065318,7186.88166992479,2653.71092359193,3431.01800870623,9131.09547875346,462.005287976515,569.086428363916,322.951977373696,825.414915565679,759.551283559073,11474.7770077368,511.847623099552,1111.93077291719,4553.86538497886,6894.09869025569,1755.28195339654,4008.32804978216,5462.09965057643,5513.84743926707,3448.7615866597,1755.84715330497,5373.32576714268,226.518833577829,118.015613913777,252.986754665023,1073.14084687824,50.1605840541454,638.362869256256,718.833030700974,671.578959394545,4278.77805763407,4176.6318979898,1082.35998963092,5205.11660572961,2.75236730854023,2510.28752185448,2390.45772833495,1.67695771104692
"bin_m13.mtb98",273.175442391406,612.292888606417,298.839822854157,136.479879976176,92.8248495001673,2.78841434745752,1827.60476544005,4280.13323601241,1746.43228543447,3193.65887928073,6948.79267906892,4731.03238471649,1451.24965825835,387.157465486036,613.181400637017,1.15940907749364,251.08117130246,980.799542799973,2049.57154502972,723.732271694704,3101.52791893315,9990.68812155847,5511.06358066233,1.679951957264,4.99679329372959,3.89168740011352,0.536997596481713,21.5370771882172,6.27289173587709,1101.24901974141,3087.94923408127,1793.78275639585,5830.79647233906,215.83307091295,130.114693188178,394.728399279881,201.803837088427,3483.50687748309,364.729211579055,5026.35967876178,2625.32228376436,88.93571994792,1462.84086784726,2515.98042764683,83.8380483867179,288.369325431333,284.119059433395,551.197541377173,396.920876136894,237.973848178217,1156.69195649782,1877.41953423941,14.8111189181292,5.51561789007068,6.9114688445458,11.6836794677135,6.81351268229167,9.02795888450957,0,0,0,0,0,1.91068092530647,129.550600845274,67.670026772935,418.042377839635,66.4322728936234,5.90571746883833,1.8494861225873,183.737967327969,11.7306205216945,7.08813641052507,30.9065041099663,7.18046151525099,3.62172519789255,2.46217852451235,1.75358164826754,293.679974494501,5.58932433830213,3.54225996621262,20.852688852779,52.6704705306038,40.3096016579119,0.69259368012042,0,6.35950696849796,0,872.454893087514,26.5634469996633,0.672474376871041,0,39.076710915489,2596.56960829243,550.43586904215,1460.33808787684,607.992219453476,2583.42531445238,299.117906653218,63.9005809027579,12.2646670250574,85.7654599289288,1285.9940058613,487.801149711935,14.2708747050825,2838.66120719169,862.635937813274,1579.942135443,5272.18706746566,13928.665744769,392.761441938942,0.199519599194463,3.45348662717397,2.7237234604988,6.17321625002518,3.70567432785377,33.6340131088062,26.6321172929359,25.6587652871202,59.1082667576942,2.52554720888368,1.28385508176496,2.05882636031517,1.66824654309117,8.39675893214113,5.55721068269416,0.91478379579471
"bin_m13.mxb31",316.099038686621,3044.90806507759,1042.99457715663,503.134472352233,2489.32533531899,390.132406768744,2291.06317614616,2491.07709511805,785.704514423798,2202.90577594491,4101.77681223232,1887.41741164563,3331.54767675351,811.585778982272,1388.21348301385,32.9360369884173,841.607322602694,1256.69331542143,5125.0590741777,1160.20182840415,5279.2551031756,15024.3262067576,6780.28249290092,566.332444570546,10340.7114607945,115.693550248087,2921.04077610783,220.719465075354,5996.98723884157,11457.3168507608,4707.94164719656,1089.68160479074,6239.04901291181,1230.326409775,232.227706961133,499.280007421099,98.2979892547367,1706.00632572015,58.0423941664342,1382.45789018258,198.139065536391,2096.48773779525,1921.92051053992,4597.36490876969,5678.31671950205,1056.54475711716,452.053916166366,472.836044321252,378.470416802256,214.593920655993,1387.11632598222,2410.5996968355,4925.54652972044,122.185942942832,1777.17672952668,2739.33190176306,25321.8093304332,1130.55348219816,120.336067554974,24.146517318667,45.2027086024534,43.6851559745173,128.652629075794,45.9483237610804,3551.92117147688,1019.51014511678,1035.0994965147,3174.85087091939,1836.01882473154,217.809861608988,1379.40472884288,5065.13650014398,5850.43660539792,17423.2389330175,434.314630869257,49.7828442183131,440.763269820028,27.6750320250324,490.3276271883,46.6141143750718,89.6258438399415,104.221123872661,772.524543104857,159.673119857282,15.5684643141016,2.21958899364759,21.3096376210759,1.73225973258142,929.973715838913,398.350044690703,302.762403793965,141.635252130538,240.090859335935,2862.46462515507,1169.05159732087,5140.66778134295,329.855256496903,9280.32810920827,282.85250670597,548.356335443811,6348.54777562678,2002.22808272195,2424.38339347866,1536.71341952147,46.888344492245,833.92342719804,1197.72700958253,1137.66394948204,7385.6268270901,7591.32246752814,201.043930527524,425.35056579346,1772.78523914219,4056.83546125262,9963.75048418092,419.145806815623,9548.24307746035,16979.275266401,6541.49684778793,14467.5244549995,9083.75062909942,340.286801611419,2707.00487673185,3.26084116142803,3656.09692403425,5907.3417482406,1850.46807999202
"bin_m13.mxb55_sub",889.875687316527,347.543203956948,168.172228218223,255.297983775286,2938.6755426746,1867.31784464764,711.538458155617,169.25646948293,570.874999910427,499.435551078068,347.881357044155,226.875947533171,240.191850716976,165.706846633903,1339.4537181393,318.772584131393,538.959156311162,2855.81936228063,1935.17678619288,2981.81602501982,6278.99532482,310.627252666157,430.783752433271,390.327262743983,194.879351172553,312.441505251293,8241.54814655461,1425.44169878071,978.833621430259,1128.3461536012,144.442087520587,302.452052816394,393.110826688091,758.283820970939,304.962523897647,271.325306128128,211.748734668239,397.962954943487,354.196853761673,361.249683680101,122.169774597897,1833.62533080217,744.65538363107,955.364903314716,973.731407203259,1018.74834834889,926.082626188643,612.881357166507,2358.0659431423,723.508992061272,591.964376394884,827.105309496814,785.562261402511,1283.84382999559,1443.68630602637,626.981414144463,2670.41092001617,1805.62512325877,718.404990170255,251.529016460114,342.962092739878,449.151188387159,302.674269784251,638.545965225625,8492.95042276774,2977.73093708824,1731.49080376754,10885.3426262748,7172.47862120504,507.895255090903,1143.49196397855,168.219437940243,789.805820239275,213.754701855899,1366.95547368133,174.477495071337,36.5364210589954,99.1839452593467,382.776485082616,182.291247766266,40.8108648527702,232.885739467673,239.870492876428,202.410456426494,220.60548081351,239.441773776498,238.247357648201,440.306128287294,572.199865797989,870.924754440323,466.667070964109,657.889371286731,1031.04978997814,661.069349326474,198.414438545223,215.056702624502,570.945444743765,754.15652386941,398.072048906857,566.479323888804,144.826574491259,582.71819312071,504.915697836481,608.315479516946,823.498765434368,1054.04065458064,2295.84648346219,1048.27269941878,329.656558996472,800.002520879304,249.142290703996,74.7603120795314,1078.42366294613,57.8306781497384,1173.96634411652,43.3271992467551,2200.0857871184,2769.41483081676,952.179049813899,1144.57605923322,1878.02376225483,1502.52077932997,1408.11438051133,32.5994597538626,1486.75776001378,817.850823770257,107397.392496972
"bin_m13.mxb57",161.441437061682,209.087806225751,141.631361914882,167.490050648302,206.122917941219,137.721399554105,207.401001719554,192.386807393382,165.700130907478,210.321842013153,283.254492884726,378.929659716762,719.096141813638,306.592184236006,372.951567722117,184.161479254639,367.591144622057,986.764838116736,667.781286533423,469.59387534708,422.275173559932,298.222176579011,239.580409800822,249.410007319835,117.765242098758,414.445499229901,323.287116063225,301.696157925525,180.533585381617,293.774421293271,1225.41518945984,377.211589365545,244.074085960738,197.3479818161,161.268932299516,203.685888888937,246.005665581825,147.469579538801,149.378617663611,234.669289550415,144.002303265062,173.102052096724,151.265175365022,281.651702393318,251.108352016063,290.385198820268,260.446857609877,209.032547599349,154.904609949141,264.251267688429,148.297433674963,125.208896783063,165.6000899706,289.213940197003,160.574709640698,320.704284473517,134.488500759703,161.227070286632,169.605178527336,191.327821123179,327.945949243017,163.699214331293,141.13554917932,146.204398055565,213.025588504391,352.809903150931,350.765916681816,144.887388442945,194.172230010231,338.27775313998,164.387784337892,304.783331397358,201.579811035736,295.612116801255,345.342705715487,1501.35790673936,1822.52164254836,2477.29278718703,397.567783652221,209.730240152775,355.48907074219,434.037560630837,715.622813532367,732.511169736262,623.339907992283,807.390908576093,410.635252020032,479.804622837899,277.30494266951,426.962776998172,222.515233922348,343.580053000952,218.688552072557,166.79676197576,279.784186269533,205.949836019886,140.73774754487,167.357312610626,102.951948527887,262.055944269422,184.434119785478,209.695653698445,219.393885079182,174.019233174073,244.295829160915,179.620224481042,176.154870192128,203.863968544572,193.431584270312,278.698071536308,154.428620356005,347.373388821858,85.790658596381,308.513104830674,215.952099026086,287.938058501005,168.623757097203,139.606416109467,238.700958852068,336.22139550235,223.812201785759,353.262794615954,235.314172108287,175.804534332942,224.043766825995,350.631725136442,16114.8609382426
"bin_m13.mxb60_sub",65.2779485510329,99.114989819343,18.0464325527176,31.2237437715293,351.590505203962,21.323398384915,152.963466582309,303.162532287103,67.6559858021258,129.651532651413,251.621058971598,480.407603651915,93.7254396863122,35.564761947897,189.248004449072,30.508849152836,2019.51840966551,3950.72393711765,21689.7515109565,90.245329753438,13858.9300126231,34343.0011356509,8111.88978239544,35.619614407214,404.062873468972,140.448229073753,125.506749136087,559.870571875978,127.13484202419,111.095378120716,123.039702244535,109.505690761029,123.42090127392,62.0300884795171,64.5752841518477,143.701196994547,498.666561968725,35.681412270355,39.4018263741868,356.407806933715,64.9193697570816,33.5430581670571,186.013630797546,280.431799495386,102.571737469109,82.0733602186678,216.557853707929,124.597158238882,133.257761268113,122.071723661826,160.641145968833,146.307561653178,142.345612979662,85.842286308389,49.8014506838298,418.973784646198,18071.5227792053,15200.1830839067,73.8961030814238,74.8566790815724,76.0666325361263,61.7455567707701,103.733621513829,73.904266717989,102.225775868578,77.8577421393806,80.8556512193788,84.4163675490898,88.0435525233468,54.8167336216541,105.480039679715,23.9582356637938,129.24963075429,311.979450951464,70.6288117299943,63.7525331646807,143.112131056464,76.7683245349417,3620.43354187012,123.111898423628,109.80852768637,179.017504958039,390.810335012731,156.606841605375,5678.31003412554,7924.8286056581,90.638007902324,26.8434239782435,161.384373595725,120.649088287175,113.461785361927,134.30768664617,165.32977843111,97.8962093085053,374.006024163988,99.1744326143943,19.3878515565,178.016188207273,161.308483140297,172.112365084258,140.05599693986,52.9743299431435,147.234814279827,78.9484819796164,19.3962756071054,137.961790377693,83.5499786302065,114.053892433691,249.48482145274,198.223381366356,301.555250400619,25.2594382384538,14.7100661521233,57.4628864219563,49.8891160367424,15.3750338387971,201.292443420421,150.533013741906,104.306531230863,697.352201164641,142.665263514037,37.6115291973947,246.716252204482,1.2830037820802,503.124751935499,526.457063017311,90.7019926039164
"bin_m13.mxb7",266.368014283436,676.662103954287,561.001325576488,177.781728538541,125.495257500909,116.811455555087,989.075894133232,251.478103314719,603.756548049076,650.541960493602,701.155449190828,114.950804043813,824.773892775934,623.587937507092,968.377344255191,971.575944631682,790.826972497367,562.824679108602,3606.56193412613,660.190453267028,1296.48230371525,482.064990759928,438.255364306779,364.047375434331,108.392213485848,549.297786790596,768.617877431166,990.532478558236,817.67419972364,6850.28281073425,176.194396201125,1722.71051620625,3473.41089091812,3795.28851590278,3396.96162380568,512.95693500733,75.9550374657786,76.9495103074763,7764.35440318472,18411.2620245256,2099.22102238374,7534.16422411601,154.899729770081,775.745591108084,2052.93769115656,1118.03817451728,2373.97420804959,3003.90689167711,2325.23555624431,17393.7870337017,6296.18620466899,15944.0554702409,6033.69967116951,1972.16531071508,209.992555504263,6513.12569858456,4097.44240236482,6801.09140551604,1254.87248765537,3687.28542378842,1339.39000119317,2062.14992206152,930.577552725097,3478.76038344345,20698.9557088009,1480.90121325396,806.032471362002,14548.9094322618,5967.96445591501,2075.48772052204,242.560854001257,2922.68111940904,5654.92873291941,2091.60940192883,2847.69933956605,1685.90395942152,22.2543543246124,799.367495230782,1011.51941834155,450.660595353248,143.664455749944,3591.5902275414,484.687121725815,1004.58452943141,603.270899161809,184.270625720811,1106.14806306013,605.318657378046,8501.30276946523,839.909222480376,586.494432281992,309.92574854624,6357.54661111529,331.676424428448,715.24090348998,48.0267824267058,1017.46488874757,684.835672037848,346.13365564405,1862.65357402528,1140.2121849808,1210.56682413286,1966.2253134177,394.096289354288,844.44528484377,2344.47474082723,19653.7258200573,4830.70918954113,2290.02302042989,3988.62864474794,2445.96120535061,613.584312863253,3169.91301846375,1141.12483733293,668.725593503167,257.64359827211,2314.08785858002,1918.5530951709,856.513057074468,985.483847747429,63.6148939167578,1274.80857687405,580.132237684946,4172.77737786428,807.978644446327,1507.89266295425,5387.51090321291
"bin_m13.vmb103",2189.86191143583,1723.66215533709,2431.0342607542,3681.70588729337,755.011556933369,989.586610206247,873.271871178565,879.818190567256,2741.43165305651,3359.88896964666,1001.66448846114,1959.75718563553,346.409926998997,2597.34555990179,1029.04996595006,80.5053758765916,1637.32554581303,2741.46279252138,1867.69654019023,12850.6265030519,1577.07683973397,1555.93228442868,706.87436786135,3276.89310700978,575.235474235405,5975.03194339943,4099.4422425434,1659.31373175799,2954.27047087044,194.091440923351,416.713861388374,1617.66254716614,706.137690938149,3026.34135115496,133.068698832217,3888.07441727004,954.442243270496,471.262686602908,2532.62787568043,18.6050288727866,3671.43461547923,2201.49948674579,321.574403897706,3526.13644709471,1891.10390238343,1247.77037836193,2534.95685103245,39.2367836154771,7309.25149544194,1143.01915710545,3751.30732556908,218.245096239481,80.7424445182354,1938.41287564823,8143.61186117594,157.706454191666,16.0015881028472,166.576188877939,1123.49534812932,518.632112636361,1380.72798898498,1486.00737136012,208.92268022601,992.089999426482,2924.83913807004,4304.97912526798,4917.9425056356,331.538901443237,90.9071296144312,5785.6474101482,927.38692169665,6240.02566565295,27.9870649605016,56.5272724030354,10768.5948921297,148.035589831421,4.05625141254741,129.862577288433,1362.89061535198,32.6646716984891,225.087553800672,139.15226393857,234.693772259797,267.855708555212,261.320520689609,169.968152483951,241.590798797868,2848.64279220552,1032.3221754925,5315.72185373922,938.570748026889,1119.02956712188,3353.41138488496,791.177209968012,676.39063574994,1310.56453407653,2609.11500762999,577.777378956315,448.292130780141,473.610970089662,25.4666779139665,1515.69086811606,1157.2873235951,1313.54305890004,1153.4282846229,815.25389595623,307.648242247287,2922.72903764172,70.0090455141246,46.5066941643528,271.585462539226,4333.71824058155,826.39716719347,1675.56216320481,5278.84011855612,3420.37139548647,759.517548244558,833.234685304619,8096.68123880717,407.867853165073,1200.43991436643,8485.73915772872,528.416744251644,2.66978588506996,5030.18248102767,2269.41377824215,578.472396960878
"bin_m13.vmb111",1.64520793957572,2.19230190882721,17.4173829394733,40.3913627513787,27.6817078003714,0.600532894773513,9.59493672907312,122.14139156751,18.6059057557737,0.290408354645509,0,1.68228965081083,1149.43549018878,561.852244028954,441.654883432346,48.7711397109146,71.0421012943598,791.895123332604,1908.94053665357,2770.30531899429,3656.67472734278,14709.3536083972,5008.82913087591,0.687432333900634,0.454372421660307,3.23892041022902,65.7749486005925,5.69167789738463,0.301982627794757,1445.04204433711,2235.05406562169,1580.97144059444,6735.25897407741,531.224365498593,677.445036106472,20.0233784481085,0.39700792690013,90.7001743090729,0,0.227167483068807,0.264762936934736,1.87106861047397,2.27408988842166,343.748147964841,0.952953595272549,0.678648685260312,107.22745618271,6.41460180127378,53.3483120796675,823.747418079015,74.4169004754783,0,1272.46616691341,70.834376569004,256.796616192093,2373.5497349072,866.210301782298,495.764222290552,0.994413840497839,1.29984823435102,2.70370993829775,2.97221987781947,0.24191184641413,1.13723065787665,487.322990794497,174.054028024325,608.27019736211,104.639502186143,87.144259010258,598.82220152089,0.14362012985646,6.79404705023845,2244.11844918082,9458.77307007165,1474.79443622464,45.4161692527886,91.4322203356616,112.736873218129,46.473208448657,164.490978452825,426.389973505158,25.2745785640162,65.6157874426465,45.2985833552581,0.283407681934794,1.04548730434469,3.71756440407106,0.362640823929235,44.7730875528902,44.5307029827941,1.10069964413438,1.23330494055564,55.4632346616854,0,4.37353484884589,0.462871310897874,0,0.162785875685655,0.187583653560426,3.40136133855072,62.2315389136944,3.04024669536561,0.384738204973789,0,2.79502599887711,308.470693079806,3.66424119237602,10.9034180625236,2.82893543946344,1.30928438853846,0.618935989328902,53.3944854396788,2.24156174371519,1.71467868219462,6.73617430717396,20.0158608699003,5658.32736272473,10193.0257866164,4407.05333137783,13775.9864145774,8165.12417472072,0.210140174885772,1.68493367188023,0,0.639243484117359,3.78999559388556,0.249551564868081
"bin_m13.vmb114",113.118352843786,246.435103680686,63.9260884579085,28.6231671785506,194.877054439356,380.237604610892,189.971187217545,158.35021974726,82.3698747624333,88.0882235908905,166.153401310502,257.865923806846,416.177310414548,175.653800021776,115.709926022052,52.8951337856539,421.199218043422,1859.97768010893,1042.71977783899,392.30876730281,1829.92840749252,1041.15183986225,890.957122943107,297.246571678935,5751.43188333255,72.3787659697754,421.157125695773,259.927341376807,131.636206239553,2343.68251698382,637.581863692755,962.762390126203,507.710686062823,211.434785397481,1803.86840831852,168.792839305767,2061.99817719474,409.105433883602,63.2854575291156,642.434526163917,358.061300470145,62.6782824435869,214.286788512359,76.0701294096968,177.864463422224,173.717067905544,1157.16341615992,1045.65593526041,207.58067779625,91.0401841180793,532.692086014395,203.234365424125,197.495204445934,93.6421350211907,79.349279453226,146.795619366936,352.970254970782,2051.66207016597,279.704378446557,227.269615037168,1916.04688328469,68.3805002309033,349.520007469382,1638.15519142968,156.506828410982,93.3934817786494,210.205110701771,388.967048498431,1208.46806173871,79.0510489427749,2140.34244770523,86.5106336989016,180.430376010636,179.982326392952,773.819189186604,73.4911632155167,499.991349031943,178.640393907088,271.109572650758,581.428564176917,121.833339300953,143.751883358281,533.042965598611,158.21182528533,36.8935355512076,196.93337625756,51.9572296998719,49.2070074415468,470.993193924968,447.381787882415,89.6906488384177,71.6894767115356,658.162330177472,134.82188687445,764.991883036859,4241.7647058559,34.2369695776482,168.425105961786,802.205305532604,102.522889766109,234.616395032421,668.759941206197,269.999895050752,199.637600567606,75.2028081261699,159.869040264156,696.381073530299,798.128473837597,1046.76214318116,476.567016547801,2074.86871237673,34.8039889869771,69.4276450581712,72.9504998852474,85.8207643205012,37.9503846519889,172.602842376377,205.020865172967,1548.60024572833,271.358909065419,248.907053104669,207.380521340944,1951.83270700731,0.096487789113291,575.913683247029,226.491919188834,0.70545500874105
"bin_m13.vmb131",64.6784701541147,53.7486244123254,23.0377767667376,362.982451005625,282.72052218662,26.133065957356,44.4189026148348,24.7762991676218,35.7215303006436,38.9881666597089,39.3362532438576,31.8366989305231,18.9632777131994,41.7966482691516,26.2579608277829,142.070489801517,48.1320304988949,5641.07833510999,137.489118020778,13514.3684020622,49.6936088365303,47.3471928359435,47.7894147794997,54122.7342760147,7410.24736706481,29106.9210955486,12304.7536510573,57580.8291406619,448.15937126808,36672.1581624853,54290.5245797588,13782.36832627,18304.1556924583,4190.15696745663,11645.8960040003,401.06660630906,11.4213148767967,26.9316146751579,40.0114066904965,39.5120519715872,46.5764620303645,1204.50532572928,42.4449966841527,39.0446237314997,602.185250421411,162.248609451717,367.605951052432,451.676010708626,296.47632742969,1662.60577687783,1088.81156223855,577.075636095861,50.6489850763166,370.633873582046,17.3010655119639,603.182489927019,39.1095912554801,761.285897533891,170.660177166704,3097.45260191826,1301.724702441,1068.41231394323,401.887446849044,184.922860028147,836.317800040827,16091.5357513756,2454.68684838076,126.707520879968,70.4180340641806,1833.98988780856,634.57718889628,60.6582655874682,743.602122473665,479.611927863207,94.1794769001429,26.0520423679819,2.66526437005357,21.829540127428,44.394704457457,48.8867793521037,16.6158775496977,68.7180468297435,47.5123713483835,59.3732106371978,41.7969075514142,21.203766142287,229.927368518458,42.3300783355137,360.577692268983,572.074578614092,706.103281807824,89.1085930503857,1107.76545658491,1691.81503519968,405.660882380698,10.7141069620996,1568.58108500731,785.792272113243,35.6044725745737,1192.78211319356,258.318543987228,766.232518330418,535.987236033879,1046.49631793338,136.721114268539,2150.86227057708,1529.57987064464,1578.3418882454,1701.18315601123,1612.11004911054,668.708515814276,354.957230073362,297.713481797581,11.6801290956534,1371.51127118412,7.35409842692575,54.171017856338,73.8133172301608,51.1894785389485,66.7829297764612,26.5574956029767,2057.10831148609,10120.9357344912,3.16023251284409,1017.16077160674,704.825634687121,92.2570949415447
"bin_m13.vmb150",1482.42272564,638.625491830353,122.766528749323,993.576463193011,830.089501486508,91.6253458710113,799.280454079003,264.102692302044,127.25062130357,113.849700160358,483.049973400668,396.391825492509,3369.67170320296,260.30325093987,444.301050550001,1497.6670583777,628.331210561536,344.594990167593,11834.4470286603,568.529862824312,540.545622056078,413.574316400501,409.319739903309,316.087853360983,1687.82857689999,210.84785314959,898.127551001262,1094.00201661494,652.614072637532,462.209742905848,311.005649848804,566.733155432306,1022.79942104649,1421.79845589082,532.962684787902,341.553644457351,267.247509286419,114.119376118259,67.5493972266813,116.207060211804,148.291401300627,1132.41601774836,555.374792574141,1494.53523690897,600.129200149939,447.817282635113,543.974716388878,605.846071917242,1397.82836705211,203.940352913034,243.121932835411,246.541605835443,223.870087258885,224.882999651255,397.831142754235,341.682922108636,118.796403094662,167.979580372885,507.850182025901,318.889103517777,171.950147781295,423.922987412436,554.977527979835,2483.30406766772,512.06745306324,407.186171663478,544.763195366725,412.159623836144,193.49171849731,168.517305007194,151.437943995186,75.0093984444784,1847.2199722545,364.577776744869,911.786735068554,887.617737843479,1299.24059252227,2555.72748983087,724.36843616565,3704.92530655803,833.293716902921,302.048725153965,369.493328420333,434.463542578792,34.0020237698939,194.76114464193,123.76550208203,326.171271830457,193.279844600573,188.254395476206,286.602941553695,205.372300691348,210.606749390502,615.225288007,90.7002480425872,172.928251064356,58.4972112093401,193.002799820446,187.708897736498,223.373168663867,571.214126124123,74.3603531943241,653.853332694867,299.959560752737,42.2619127168085,1018.47210322232,200.711708838235,234.297528824077,278.004099670165,270.479157392973,263.180638994397,123.010229655042,86.714862148361,481.34723777749,183.817690655213,119.202719694273,531.250376797901,2370.92738858604,170.85970003766,1761.729343208,408.683821824762,72.1164554767745,964.319944554053,1.46812649950489,426.774190017696,1129.37397289296,0.996725938570521
"bin_m13.vmb30",0.975398709863637,0.227879252109243,1.90097595183608,1.8659947232017,0.762941812314703,1.74783026852058,3.58022208607689,5.72565198097436,1.96915806164258,6.90265854654902,5.258746211369,4.14297736799314,81.6688599004157,30.0380384931321,5.16233453287248,12.1510810256021,8.1728857757275,4.54125065781775,6.62382901658106,2.39849798367329,10.001214401415,2.78680196286449,14.3898493993276,6.66916029195712,11.2406996664127,2.19957875508978,4.47678183109844,12.4686048259181,3.5156400724801,8.04306571562365,10.4909137226752,11.3254359278935,17.1978794597243,161.0597843305,19.4287229552356,2.84911498938179,25.4205131898524,7.6320669563638,16.7566295154536,37.1353286257286,17.8518485849898,26.774596423622,9.80542244671,15.5642054049909,29.1221548469562,11.1927069607232,10.4710162791848,28.4618010304375,5.82595298803343,8.36625882651276,9.93790271968364,95.2509464927491,111.448835929917,160.852747898571,8.23125209822297,133.082027003804,25.1979394311712,25.4461577316268,5.54723040911419,4.41369067311737,0.131150908040293,2.9944188679543,3.98976446289329,28.8234563790416,4.48840743468239,19.9164121033428,3.27115561848634,7.04474303576463,24.084227356666,2.43209904703457,1.18433739139109,31.3802235660753,34.4901917129752,99.0317800725639,38.5772647346656,4.82349056983731,19.5489676670639,8.12170246172197,6.37582954372687,19.4373793861381,7.26549432616707,11.5266193272183,88.2841172656197,19.2664681402866,9.34828049684432,9.97380159592641,34.407100490195,5.18931355754798,36.8324099968596,3.65683609083093,12.5472309748595,5.2346750656989,33.7985829353462,2.09734536383815,7.95563891646327,0.898113985826114,40.3854252103752,18.3195967344554,122.56706610186,4.94977240500434,23.9271216805472,3.97542791515666,1.95959272245258,1.67227829833096,19.9012725256739,5.8309917103081,35.4641851192272,4.04453222110796,58.8108498756109,51.6975067784077,8.20634060542453,3.56428457491069,9.78598216314386,3.99241051087736,8.46596942788633,21.3799545184782,3.23689811614551,13.0560421386243,2.01754652755813,28.744754708957,17.4739695786347,1.5290143200069,3.92315304995568,7.78166255068699,25.349259404406,2.38997447002644,1.33157056749675
"bin_m13.vmb72",2416.15665627541,829.574918562524,1077.37726968749,2139.30797923064,1467.05821179444,2367.72731403157,5346.35363458722,1569.25005943094,1798.10568258706,677.792728008897,3666.05829065156,696.19906063319,761.067049825943,467.759774614656,680.009053169908,181.236979847922,896.4525260654,267.512239325516,541.944311611714,829.315171770779,728.546049074167,618.836154592786,764.953777372455,688.798739730873,260.36358896367,566.111887082705,552.216909779524,3787.82513475181,365.261381534884,698.760575786494,1446.82309062257,223.057590928207,644.162848739157,1694.51837877638,1039.73499098842,750.466546580957,915.510082102938,3144.01260908344,837.888607710549,619.378182029528,11209.6344678,7679.1938936332,1530.54947221145,4022.55732615496,7786.39252594825,3256.64860286646,979.525901775164,48.9255902907349,2317.56659133734,509.045645189979,5790.92488757781,1367.01744137455,1423.50529565432,776.992402292413,1068.41570508878,286.288838520541,9406.51324243915,5242.54678473524,1157.81467650945,1177.08344183005,1119.09394115314,262.130857696599,1200.2081312853,567.529612036065,177.145336094913,109.861463915599,208.728897548296,687.444542116692,1809.3501507354,1231.39743877373,1331.19247064696,1472.58329514277,734.258438787995,804.050255787795,487.332365370578,71.6705715012185,6.05925416028515,47.4890787554418,410.93775696939,152.382812227621,42.3077745896942,66.1015587546552,133.190159950887,138.819646171215,20.7258203764954,27.6654651801658,52.1557920234688,447.964572721284,1533.3433067986,1092.24128847899,889.814040510955,131.802739229446,1139.26413948024,2275.61124327693,89.9549848140018,1305.45709210068,1732.22995313561,2345.29545346579,4490.16249766257,1311.42991168978,1631.71838043484,1656.64162361181,1041.96489471403,1421.79190067483,861.554141896092,6804.90812966938,991.870578167039,4597.2512224752,4522.14569166238,3328.28452065563,673.68806731302,133.474577840828,40.2315423111215,29.7814935903984,2714.72200624249,104.958362819771,336.140646689593,2309.39495942267,471.185933113553,504.314780862692,351.886877021401,1448.81123088808,1191.83394872413,0.821088292824627,1213.0739265711,995.059803907737,40.5820070479053
"bin_m13.vmb79",0.430034143718058,0.263129137583451,0.195113921329887,0.277025047216271,0.370002675021435,0.282547486757872,0.868147300119956,0.344939169909202,0.075792019637535,0.195193662763525,0.689277235315332,0.652341926168142,4.14219015665072,0.190487082895142,0,0.3188793508144,4.84503807822786,11.5589864320757,22.6643780891311,10.1213136278974,1.38579228913914,28.2183596039603,1.21422916066511,0.138614230282667,0.229049756551089,23.4752331282722,0.196924966092964,24.9896547233391,0.101486569286488,0.299587769893849,0.094392610603254,0.050950636508578,0.187636179930486,0.147208644871376,0.092830707519488,0.089722776397794,0.40026447324002,0.207356378187044,0.448974359974555,0.07634362505703,0.088978238052764,2.38946086117791,0.339665721406793,4.16945312280686,5.20417305597939,0.570179544108286,2.91754886586786,27.3271705126649,0.938672138651016,2.41082739525791,18.9846461918881,0.142837661547824,0.462908225202592,36.2911649383999,0,38.3140163910395,0.394518306205049,36.5003146387936,10.7776354818426,8.37270616579408,9.17715533728689,10.4496826661376,9.91844475318606,1.81538515738844,28.1161707709304,19.3451662602966,29.1596738752718,0,20.2297375846265,0.095376646856033,0.241330343504368,25.8107529376563,33.8097854264243,58.6527900195959,20.8679634439127,1.63875367201839,1.52367295170882,1.87560433403372,1.34095128071849,4.61179790055256,3.00393554452548,12.6320524705298,1.7705454301883,1.48924418868029,0.142866198425229,8.08115080023939,29.234856750818,6.39827066232063,15.1934377445766,1.11945347072682,9.34021385840427,7.46052840148955,1.34992831064182,0,34.9078271629617,0.207408051724492,0.23472741266536,0.164121163249782,0.12608156696359,29.8631545446277,0,24.5659029634413,0.193947053087284,0.173786173216667,21.1346461870672,0.248601912830966,22.0485084031549,35.5651216687354,38.843436132199,42.3287723786231,0,7.07888692060334,3.11152351106507,3.39986264480415,3.03556308904289,2.78579751957511,33.1899159425291,15.4361423675446,21.784919911068,2.13371906454427,10.2207879138587,0.070621298894432,0.113250314485394,0,0.161121755452199,31.2055183586465,0
"bin_m13.vmb90",432.380336448002,8598.40891562283,591.898412466992,367.448623729125,1888.12507570816,13030.7841839252,1327.02883144229,29103.7682395889,13273.255482002,26284.100322616,3824.51516119956,16507.9292133122,1282.47403882268,938.860866004381,1247.56414847746,172.942033056351,1972.29488666912,6441.98796252255,27488.2031004003,37982.1856835685,23911.8480024023,592.504363129565,589.31459790561,867.572095127762,5180.04157402117,7603.80523376866,4812.56486716016,3071.53166607938,220.328219373995,25566.6567394069,7453.8591760518,5043.07722603901,257.899868782071,908.559122720266,2935.86858256611,13316.288961942,31444.0680320648,10939.8360607432,8941.06814594648,22087.0530653957,349.44283658367,927.977755006684,17230.8063530436,2663.02779027579,1045.605672324,522.197942934489,14290.2873750952,9444.95517735831,5564.20162205981,10286.0862743517,13587.0818552645,877.959650202311,291.875228638583,491.69150446299,942.386694271274,593.262266397648,153.776757545121,774.473769282861,18194.2892268066,345.427284043575,33103.4439917169,9846.3355916731,11778.4981371811,5243.7270692455,15923.7568956555,13678.3155890672,14418.4683394339,20599.5876578837,41573.8814683102,800.739253107726,22164.8954097011,1009.91805038657,396.491094261308,450.782108838592,182.54970595826,78.2497521969916,3042.01157570473,2042.85891078096,1180.54042771208,175.748869059505,295.734652279474,388.207384357031,605.007195429534,1307.64885097498,30.4242514837955,253.881250510294,251.245501473253,1108.13568850628,11019.8291350752,9437.06308604594,2283.80591754257,19647.4203558307,12264.6335505657,8420.24144209396,44065.7557172429,59563.2545159451,669.770205111326,66170.5810435304,10762.032040549,649.63373979572,262.374346955984,17601.6928426861,41529.7453778712,10911.7833068902,4360.82870139228,20651.6958204484,56286.9972552674,1181.34240022096,12383.6541540853,84828.4934270104,1403.45724232591,896.649451336336,285.230903735795,1234.58806778967,3359.13117055939,229.716256553956,416.37351461134,7297.26707819546,2514.79098594082,673.479555019352,283.778318050978,2141.56192508538,2416.05957144591,7.41272124717784,2865.76743481807,606.802438720748,4.3906368463548
"bin_m14.cct152",57.1322184091237,65.1053429789917,70.437938050309,86.0733922648786,82.4164493600949,82.0495132230552,90.8681779672043,68.2411177626313,95.2200651513466,219.414855606528,140.301417033327,53.4313584098292,4.96983830032047,4.46938653089306,4.10776829999824,4.21704063931196,49.3064786941875,8.75334406180387,29.5651342586926,8.05548675780515,13.465707835176,18.6904549987003,15.9486019516419,60.216772269336,89.4068149700903,70.8522557210506,59.435636618363,116.739694331008,27.924665624893,56.2336730967078,62.9184070506589,56.7296124218316,52.9300083985668,83.4442254168187,49.0068246074115,58.6574099361991,72.5697571795653,82.7082257995398,122.443640877925,45.9210263167625,253.17996224924,2.14598166409788,1.81126263880589,4.44670992075067,4.44018863399488,2.55399843456976,12.9508072422396,22.0442181671109,15.0163675726679,13.1292284633108,15.0098288399857,2.89438325150063,137.048429568403,156.5600189422,54.3318575665103,271.533183361699,68.8982470520545,198.079976224166,3.92054245418318,2.01883609888091,5.42668283795523,1.31112434149269,2.94796531145836,7.43871197776886,188.75864099009,14.5692093416302,127.939768287997,82.8833432337493,22.6773278153377,44.2816378786284,51.8874302715243,34.8323621976443,19.3656031335558,70.4531067000419,36.1566127665399,2.60445463956989,10.652731090097,3.77204463139199,15.4789538342143,7.34491426016981,3.29027491369925,10.5298766794235,29.8691828704358,14.0003473564747,0.406310386944128,1.49887380706639,23.237601367804,3.76930261920657,11.0110480629506,17.8455727118756,4.73408866616821,3.75729861631519,12.4035236693015,61.987632966776,141.470574625624,58.7286261384321,40.8548546777627,66.0464474622422,49.6178186848589,240.772114355972,94.1526604150228,113.32571817365,86.5986803013187,54.2435600930959,14.0249138830464,72.6465062238969,19.3870962896202,192.638938776507,22.4513784229498,39.2307474395551,71.8748683440218,1.7557239088049,1.39723410218644,4.54779399439189,2.08511759139263,3.33336772626246,19.8509928720145,15.5188859811038,16.1435031784515,25.7901936936805,4.65649919572573,88.8745494839722,13.7690498397282,0,67.1305562571144,179.307704963841,0.715544421321589
"bin_m14.cct71",69.5975909320776,77.5812298092525,1463.59186441386,61.4067021141603,36.6745348774835,30.0757354382011,39.4480722031769,17.2727874946501,110.093374278959,35.9694211064046,29.9791552144872,16.5159010766381,41767.9154771637,102.40660061709,957.960981294789,469.378002756255,856.248659749178,6908.07654433265,16725.7731113903,7874.53536465589,5848.28921959787,17875.4664436859,16551.6621085404,13579.513274874,17070.4931802953,86173.6955992011,902.557060656338,11134.4177499413,61.958863312611,10693.1064039528,8814.49887132314,7319.1409940411,7976.70859988929,7449.82851909266,539.224437133566,59.3776014088568,32.2829067444806,139.053765981167,19.9386212799514,22.7538880231239,46.4805540318684,93.4041028074944,30.8878358730428,111.73589975661,109.050382521979,68.7067439192325,263.446460705967,374.288869528908,248.030150906633,205.155297311089,160.054621872304,57.5639537196441,37.6815279148198,825.358718771399,44.7000552414034,1460.39055166742,40.0640663672357,1760.60707539956,59.0394447588002,1778.31361649584,586.179159721589,1475.98118838125,581.407365321161,56.4186338811141,22542.4009951388,30045.1553837425,11038.3190514049,25458.2659512658,8908.02621243909,1270.89308487385,246.409582324495,112.06712165281,929.214684330761,301.608194905482,1618.61455349448,87.7885305129159,20.6173448569875,52.0374134794661,978.053694216864,152.823695052788,83.2604500524476,190.782447134812,323.43113176349,199.393565611929,108.206751482767,28.3381152380101,164.721121368666,41.0102572509061,150.117421839628,208.742597420164,70.6844234289567,21.1698202621357,243.101401982576,46.5677492399698,1067.79200801247,815.337305708101,82.8230120754521,73.2857444042972,51.9223828807201,985.672059308629,47.7205886643718,4543.12524330569,441.411210782662,2294.44254855553,2588.33579353131,94.1122545531922,120.743675425859,1379.14382462322,142.548549443734,176.689833799615,40.6632487398082,289.295086126257,65.9187579019133,45.8918582297188,213.693908923123,43.4418669069701,135.204404632354,112.724587693935,98.9335183800145,294.365062545452,13.8336345609926,101.281151586709,7245.08288072673,19.2996368225372,76.1633600553885,906.595930603232,47695.2401522575
"bin_m14.mtb117_sub",1226.23360523187,3575.39682498477,793.665861083453,727.780792170401,4236.94894152275,485.516523248133,9218.22920869948,5364.391676164,2755.89715724536,5431.48448340981,5847.37933619789,2456.6883627265,4497.21264930595,2154.83228863359,793.800421419724,2099.40632448255,2599.60682620929,2213.76753448301,5438.18588958169,2172.34267730919,2593.09504824996,2878.80837423366,3307.79777215597,931.162100275871,6277.03369556529,2917.48930518259,2071.33750030181,1937.18729072762,3478.03099720592,1983.74914126107,5421.05481930218,4331.2769911299,2954.59111170609,772.667889999325,4921.49079101292,2148.88227366088,5348.57485629897,6506.37198473422,2623.04891654202,2056.83053561866,7158.98802810055,1225.46358832943,8057.1044977275,3597.29755056756,6204.56461809043,4277.73883149109,4825.87374181342,7842.4596058224,4457.88038362649,3040.20552108279,2910.40715790862,6825.48725149963,8085.42729752098,2886.94364714828,2218.91545105604,1729.3125700749,4593.48773393751,5515.31750396504,4164.61860983621,5611.10163787984,8202.36604572772,4338.16499170455,2943.00948372159,2899.3105313839,1907.86187259226,3340.73865711498,2383.27171004454,1316.00812450018,5221.1570527454,2057.42502012826,3305.22351540217,2043.15471393692,4462.46119057889,6368.46617914036,3617.64567746387,1041.66100374612,2176.32680983384,1057.87795794013,1747.97967532762,5427.13235960096,1880.43404002131,1588.82822804419,1500.07407633701,1297.16918603099,679.512114869844,620.855822059231,5892.86842973817,1139.09815444948,6727.02394433555,5280.60152429321,7234.78012068547,1635.90375382163,2895.59118981327,7681.22111076217,2866.37618599934,2831.48454640473,3146.4658492943,4644.85505892007,5264.21690499215,4357.29199092323,8043.91633503782,3287.90146194977,4522.55226561432,2445.29317209313,1226.45066380698,5673.65445269535,4624.97700987532,5491.68739094286,7863.67754540897,6158.57548787265,5844.14916489068,1436.49840218786,1031.086615541,2208.27634501725,2251.89876290104,526.916632537338,5301.6509085044,2884.57258095174,2283.53492778035,4222.45431516082,4225.62715048715,2281.5170062869,6165.16361475778,6.92621836282238,2991.94936932203,2789.63902726572,4.19089122962013
"bin_m14.mtb121",1647.90624480118,1838.38795415781,617.851644616867,645.820126553876,1741.3063016823,5623.021015703,1430.12547241916,1142.25230549678,637.161055000838,678.456373553877,1159.31838135509,1961.01308287032,935.771774905473,7246.00315708538,598.204371476245,509.62122508981,774.156059309682,298.061783535688,883.432077999711,521.973392171895,355.04625891074,581.849874583666,654.004809351178,98.5002730807852,6013.58669728536,25508.5279116846,379.724912066502,661.688678005984,1070.55345019974,980.034740830124,9126.51575746848,26255.0261223694,792.988560477082,413.936328139975,980.191598444254,1210.3124496118,932.467811199762,2105.62704160966,320.367260380272,2430.09993278324,18274.7066450645,2641.56542515702,2257.75861803309,2155.66678014116,863.03921839241,2454.81543004455,799.084075455349,966.224710651616,581.250846549227,1444.95752694586,502.072003745382,1902.90155892663,1608.88408036651,792.573087065503,1499.63049679738,1436.97140201975,2014.8131438095,1734.3035124859,1116.40900061191,5621.69357042094,10303.5339311559,482.811522581133,972.206834306623,4357.33042035739,620.48172314925,849.23785552479,1019.06403003192,593.058490367301,740.011958477213,1585.81316727583,4667.21584814384,626.515535148,2523.38635672242,1456.77727178928,5874.77668381617,446.112414479075,1788.66397002894,496.528705407967,616.390795857707,970.658290723041,573.974548683107,862.595827817584,1186.71359468359,703.882963568948,127.705792698445,927.222977796185,408.469600151463,451.023952258198,1755.45533775356,13079.3818571327,2363.7923558521,1002.81127052363,4325.61698593354,796.629457612806,1807.33911253269,1830.02240100969,174.346759121436,1152.94797091113,30667.1505798439,14107.1745178822,3416.86463884974,3001.22412822325,3578.3699735868,1385.23122297086,3194.69546336851,2914.99328639748,1097.62432540497,5790.20047317924,1747.91089611076,1645.80198167234,4102.29500515101,323.904990719819,627.926070086956,378.180238423057,574.568036393866,253.247501554938,1758.75961947823,1541.06008851712,334.580000971506,2280.28375981887,2801.68478756608,844.968218854268,719.510793968871,5.24233746543703,1748.41681981512,1854.94055542362,3.1842147049892
"bin_m14.mtb131",1619.40939806174,649.942876447589,1147.29150216211,827.524684701605,7661.04413693999,440.61692579471,1746.82701120941,1291.2396548819,1482.81461863084,2456.51058657562,828.518023471372,728.08870742511,798.959371981767,776.511318568876,1844.18637987774,291.995970760425,843.272644594453,180.039652828886,1182.6264932418,782.629158245265,290.630019188635,1710.97356774536,996.390430775956,1069.23639468773,2745.91390043073,5596.58982716383,387.12310798596,7404.88622301201,9020.9495603218,1106.905386624,515.991203248495,494.216584844912,940.034561254789,1648.28650633839,1140.25808418029,1976.14637831223,4490.8146365842,2640.73380781415,1870.23838650644,2367.89212404139,898.1962719957,360.965779572137,1619.87453863091,1259.791729275,657.557204864694,1273.9486420717,2536.93561538232,611.661446047716,508.942533741013,631.446129347618,4386.22012153747,2463.47098167789,902.570950231194,436.145116483809,515.32935245507,1851.58947294581,621.961828660731,1016.75218832808,2647.14675754947,895.137426274325,1209.25094175444,3708.2729689848,5656.43966702923,3216.60487270151,837.027223151224,2596.71536678543,368.086105604846,697.900894003875,645.660464818146,5319.61383287824,808.306355291656,8856.18402080299,870.659726440057,3164.40828146579,703.277615225129,364.270909074078,676.429866395844,245.976311042118,837.658603493247,631.189290241589,459.04107075566,940.049014017578,537.035420810781,235.676184523396,181.430725662598,447.103370863562,1062.81548282718,1228.27782901905,2657.40990899906,924.469039247813,5700.7001459871,2956.60191694127,945.706620453071,2923.33011075199,1003.49391528069,5749.69849876488,1868.6937385656,9533.70060550755,812.799460856415,2066.9002084267,2517.68723977034,1172.84000674597,692.625144278147,1106.47380480098,654.224883367302,808.935377866905,964.032040030645,1136.7097309867,1218.7003496281,4949.81210047004,984.801826274028,2173.01305128064,325.81038701812,1779.575074884,2018.01479676408,660.387270330186,3579.02069701086,1488.10245628607,11534.2287270491,1140.85045106666,508.97313021397,7580.94528454625,3882.56900417209,9.76395999699786,2136.81111222964,17490.9434566311,5.40815370645206
"bin_m14.mtb152_sub",164.706602598247,179.479005335642,42.9310267378583,152.802438525007,40.9449273616551,38.6883926041361,2814.63234614623,5868.90393761692,10137.235995045,1241.53732433535,2267.80784214263,4856.92845652127,7483.05178791538,3162.133452763,1417.16500662001,34.6010322876645,622.936615167123,935.83918874339,1991.80661518349,2408.52158606917,892.124894463548,2627.7038762011,107.194470671751,605.252291990313,4964.31292238937,1968.56772103663,133.772448689884,1067.43011292488,220.242549520864,6031.81061668995,10440.0382168995,1766.45270270774,3834.83309660642,8721.17109297619,4647.03230716822,14.0626188337212,13.9746441096131,113.124358966159,11.7927065799212,19.6742891737014,48.67663956968,4082.46228585422,4880.16216596194,7797.31061584669,433.174600855038,1356.73934392644,501.842754417716,1367.37360526238,1734.48273803717,1081.86065041059,907.006080590147,89.8730278573349,43.1135252191782,128.554729600243,23.5627580749514,195.948475413045,32.700923035088,232.007019554476,35.6328351165151,99.4091521214862,22.046657089868,21.3065031601957,37.0016297359184,87.620539728867,7272.48641533931,8665.25230490411,5392.753482804,7908.55017606482,2536.90786877163,2929.86371109236,140.824248326405,485.181727569524,1243.11016770865,1890.47974457512,4164.3463732297,31.3312660553883,6.63365312805745,46.2762296170293,767.939060472166,61.6255504191564,67.6618984650215,35.6674806940735,60.8861163364631,49.9582001969454,8.89938675743837,9.00169841353276,87.8913473666083,15.9791148829714,73.9966241039695,90.4808751040839,40.4169564499563,53.4844863748088,94.4440907125292,26.5639030774424,141.211333509674,14.3785007951006,28.0168403506233,92.4227967810567,192.672492104869,192.727014150073,5506.60945735624,324.497072085191,37.9002167628063,75.3416146270916,48.181186986746,4442.4096588255,25922.0372517726,25489.2798414378,2265.63610791577,11502.0455405157,2279.90157036078,332.205836611529,4200.57945402572,97.8731211995932,8543.11475751889,45.3627713387735,48.9207573285854,34.9688450011148,56.414093203109,72.1222076754818,12.5619366817899,384.42675416146,187.059656679366,3.6302739558649,655.451957421972,180.052152306807,1427.7157647956
"bin_m14.mtb172",109.596096782618,77.1404783476308,176.233528021836,143.970777179991,58.5503083611717,157.194965564988,22.3110419045765,33.7560096464323,60.0940051814832,78.6831606702619,55.1106952841159,56.2866975935404,45.9501427414354,230.833717729928,69.4275036244276,54.9221656188,674.417613678281,91.2570200264957,56.1605896253547,2245.04482260401,112.467216368496,90.2966721026285,95.1667622147128,3701.34970098025,891.639427561922,7092.61029482864,5613.66743139507,850.293725227195,81.1429002557914,130.445884188374,93.3953297774265,1047.03185782494,669.322429527768,1862.10696739419,932.957144913892,32.9542942549048,31.1139065541672,63.3802845513427,78.9530034910687,8.52017074320568,89.6684977081478,38.3352347912697,2.26314525706838,43.8261080103464,23.0719973848828,25.6434299512945,65.4103502919852,15.1026845520486,92.4064158823214,97.9159845357921,42.7543114778274,11.8963423407814,18.9684009985326,132.175252987251,89.7664057233637,195.166395677643,19.2217864391334,158.822202813028,62.2073958649461,36.3822858777494,71.5893744050938,76.6640456191029,26.9486827531311,43.9263359662633,2800.08393351137,162.873934838683,1349.18616197268,896.886636411103,40.2560016248089,38.9761849125194,82.1662638883787,142.787564223055,2.31950038848638,7.68645092938178,58.5000108019968,102.925622768807,3.38400668329771,263.595109011536,839.324118396188,6.04312716255247,65.8595204918012,5760.74843113501,65.6872667779838,4506.06659909823,6302.43418485866,7041.0233818129,1259.8772877905,163.011996756372,57.7001451944951,146.525418812415,73.4775290094929,118.230188106287,126.613248527753,43.1461546503102,141.999859303488,72.3786297241298,77.3376224077199,38.6375789795365,12.9159819942821,134.474073563232,8.34798153221661,166.935004627049,61.0584403640313,54.8078818868538,109.748004705732,27.020022069664,8.20486374104186,183.827733663913,4.41150663544969,5.42366726646653,8.31542225021108,126.871901279952,12.7663297085076,53.6564438073737,29.9954936385708,173.616808162886,50.6156070425273,41.5981059852399,94.495069531985,46.7119225754897,70.7443300790801,106.577276051706,1716.6490854237,0.955345945843992,74.7893786541614,154.4533788738,386.542085817405
"bin_m14.mtb203",2035.2872922859,1587.21406326841,3471.95124541517,4266.71230854596,1521.42183601384,4252.0919642392,313.446234475628,278.806957617554,2599.1795319809,2608.2425450366,543.950948992005,1290.31271275432,1377.2518269633,5614.64480950156,791.158000213482,52.5202980943344,194.402138792461,2698.99774717246,763.081871352119,7696.76639859005,1463.80335649303,425.381432938311,330.294074181116,2952.39389636355,451.318175001599,4898.77895789778,829.744815237993,936.384520065566,140.40696208843,77.2710160759207,199.075752245979,1306.08553965053,97.1164176523588,259.428615347132,86.9970872145116,440.88927194586,777.141743777353,3246.50438458144,3894.17049070597,34.4527684934077,207.807308583884,333.48244851064,3.63635154858673,271.491315435897,1321.97590542932,46.2037813903917,219.484524616391,28.8222090446544,6204.63642010679,160.095180986707,72.8758205725907,12.2333911026336,89.5083970574723,228.903833956737,355.193770960903,339.94858921576,47.9214521325198,260.916015269581,381.44136841128,556.879211873093,7936.13636092942,1090.61500526113,400.766350664401,1086.54620309054,714.254419263945,540.899248405135,2855.72693788506,770.676660729835,66.7999941200276,82.5758920017603,1286.63516122517,6735.21607144913,19.0817342690564,52.6014939149604,92.7559129039923,73.7746335021677,3.34604116646395,77.9353826426952,138.491164775007,17.0144952850385,75.9517887774663,71.1446788993118,138.914142286313,148.895608407487,198.989190956762,141.393316122874,145.851065718173,3855.85017583791,1655.20756417237,8335.58881947372,1495.25417108983,2809.52994126788,2799.13569938014,1689.73106551312,1065.75984430262,2348.88776208278,3050.2932949125,758.85596809062,1393.81242177715,608.816774074769,74.1301850550353,3775.28437735063,267.048564477971,1726.16111729742,3039.62876875829,69.3001107192848,165.829751483457,575.116932582633,14.8755844714893,43.1924307986317,245.521957749693,2443.8960927418,20.1214418830449,883.41856147028,329.638279128639,3844.8704461045,100.095490748154,399.735795120271,3582.36444787027,141.743169059815,122.413623866936,156.909210010208,1392.41923465143,2.64495790170879,113.667639985915,282.78475583816,240.622284132329
"bin_m14.mtb42",553.004911720036,1185.89793144695,228.447282057943,72.942556869227,395.815884079833,250.063423640161,1433.21007740355,1449.92577714035,2928.74012350916,1454.17910924646,2361.10929581835,1469.44298244649,422.688536631522,508.556239734808,687.945522587959,3993.84628160816,1187.23350949452,220.962562216769,257.302093951362,270.954890630388,236.432224778126,431.406516666077,405.361278632754,3531.81025442952,2563.72543295483,3719.90286129603,11534.206911123,13146.483368015,165.282036905323,1624.63059282606,4395.28896447037,1821.239700382,1567.16890059497,3036.08695746148,1995.93029052933,1351.84040966082,702.352601334594,374.32286841409,761.915821762049,7109.94092639923,4878.57742115857,163.090601967927,359.292844119183,260.924556876967,209.907269333664,178.388962914033,766.093195091786,694.619365352916,396.33247386945,1633.24090583152,1244.52443360104,752.026413872469,1114.83707681592,803.123341826148,433.33195730013,2029.66194885728,2712.25604915564,1526.53966844971,703.297788045282,4280.45674906261,206.930657678304,876.290662932027,555.327498610778,1833.12581928389,958.184695557882,965.745576363521,1157.51289158371,926.038490288362,950.444083332806,1957.75770092566,563.513738022474,274.056235534778,3371.7018302077,807.587426902921,339.046353426675,1853.38829506621,314.874839190588,1682.46084635196,2309.7859055997,539.97933736672,1644.02470380239,1792.7123979046,1324.25341369825,1867.18305125508,1100.44764638481,108.17816938981,1775.62473867233,114.189994641341,527.059492647346,161.434988189869,221.1309104025,183.301801079551,152.465195450925,253.864643428612,2077.41330258394,376.255279942944,351.613793574093,202.124440471087,2458.08972010672,377.776750377871,1012.27666177103,539.39078365339,1842.73167537801,821.865383705259,171.242774523581,7794.12988303712,1279.9922941894,4624.05301164513,1817.50474297106,3070.59171784671,2508.09955676882,571.660606076578,1366.65024094574,135.066620461429,2554.83007164633,147.209267332997,1448.72372596897,856.343294004401,354.449772161355,1444.5364509648,432.764722776088,152.587361678981,8783.02070005363,2.3733045348885,459.803157201524,199.905767298562,26.2759399327495
"bin_m14.mxb149",156.89303682755,157.230842502251,78.6199679862798,94.7972918292735,249.783795125486,90.1541478347498,541.497162631665,325.944013090677,110.64154265729,339.96416009352,378.019572177066,1106.66039921636,158.679221732032,133.031048235368,124.562234656286,276.606455491544,344.612864861421,789.791719659282,932.747989021336,1816.27080065681,153.702274081701,3596.27698965036,1954.48590769277,134.433622153696,3646.41554749479,276.775128465515,585.374910960495,1192.09095125216,267.374973431952,755.360144377566,564.988325798433,1322.48218180351,802.33192669403,523.733246623984,318.503444602169,376.299290107082,396.101047805082,736.940000346397,129.748279235385,344.786967542564,744.55789253695,352.105685395439,673.086304969401,1148.68634807333,1523.30272659424,549.818905461109,438.858066087924,1773.10797245527,708.519528684959,400.370882665966,287.250620890306,412.706742009485,286.064996901201,172.186906956495,120.767161146017,408.074419896297,256.489489017479,586.217610187482,59.5327536845498,121.479108723336,1037.18688557652,133.629456711405,234.284574479382,159.000436570739,365.050838417415,400.01574790622,1009.51098777337,786.624978909483,1284.53407091762,62.5889176146364,309.411021263935,997.147914347262,1192.02047703219,886.888150972296,123.495610751148,1237.21178694278,11007.2019469856,1175.02363252292,153.199921126557,1050.95988579055,19637.5056620672,2169.75206646444,4070.27890780763,1261.93537868828,627.321859382157,748.425829734214,656.666535889775,57.9453242576681,453.365831696149,831.711473820219,162.231924176009,200.333228164534,133.579947284981,966.159499579052,750.737256781236,5115.59364183423,72.2908305083951,396.858742542633,256.086137420972,453.9325294496,912.224764354248,350.26787928704,272.077031084953,712.82678987134,55.2972791415005,777.552799966603,4084.28994147909,4210.53689431953,1811.10704707785,1333.04099865123,1495.7117820129,170.318028424947,50.5597179190279,613.374263661729,689.494499894404,145.847500012581,181.008160111753,419.42148263044,258.922387836423,347.136828009961,221.260126005523,1083.12537976953,1551.96834991253,4.19528707320181,230.769711249275,1108.05737741079,382.779997407559
"bin_m14.vmb100",152.741885812422,97.7870953700193,203.375280049227,194.524110912605,95.7303715113679,245.900579514277,25.3794325601735,47.561767035709,107.242499397078,105.413878561428,65.3000391732721,66.9611729186122,658.527844155504,815.785142724106,136.232807076016,137.4190783071,145.837743516824,10026.8860216442,2185.76331068224,2846.80003488696,7227.64978694632,12097.2231284082,5546.30185013443,4003.97041361533,2144.84685706705,5248.88704954209,3883.51143570276,835.594095176927,45.4231033099302,111.991964915446,293.566836851258,692.494186794966,521.908460524683,472.890208607781,22.8569932964255,55.7693987051015,55.4092781581905,70.7973358062254,260.611377374348,11.8633145209464,100.778774687837,73.2842849572781,10.3147719475209,78.116948980871,53.0076645501559,91.9716627732223,95.2643504031879,33.2351644651696,121.518834195989,110.580718753681,76.1761221557774,80.8905909191493,22.9982967169204,122.845857032394,176.296903649568,193.679621252281,14.3010514523231,123.633337257346,70.8566157024072,47.4853006358037,89.4899243262808,130.9175075871,112.988018194626,176.076821106992,3816.38236669395,6473.25269939041,1875.41855224825,529.92661242974,64.0973848877669,549.87024280729,219.19717150169,706.511755970839,8.59444345165383,17.1425797088585,74.8481852343353,135.765125586965,3.89057207814468,152.531119501911,176.35077272518,13.8618484539276,239.704260563346,172.794078809404,101.633088880151,233.531679115943,416.076976096658,330.152736542863,222.360376493202,243.394687927911,163.344179646726,235.143583196217,91.6871696436274,156.42411938684,181.986519199645,140.691175250474,275.645935582113,137.317506607853,182.632613819342,104.049027687126,123.624494747184,224.068346023247,12.4452707189977,186.917028044498,166.891721176658,150.937892972788,162.373926924991,58.2187882089525,17.7110934247834,148.838277777626,10.180921803486,14.3490050217795,16.920020258792,1495.08955082627,355.876994905288,969.043725251047,715.049150475738,762.065158306307,2912.4451063532,1205.4720504819,639.903963027222,800.006772341028,3351.9734168729,578.304229467454,1775.32949998345,0.878684378542018,57.244901105834,103.840438115001,134.269124666528
"bin_m14.vmb113",25.6062992692102,19.3160386148396,22.6580298654346,32.2658825528978,21.8125159011388,21.3441787660041,15.0451702178029,64.3770221543695,49.5870993001728,51.8109486020954,24.0948242697503,26.6043044526555,3.69832514493472,5.33267553764178,3.13781077186715,19.5732962264254,27.11521055498,16.7363564645577,11.2642503631615,21.8239305927156,39.2741326904499,23.2525707741258,424.870361512337,24.0495051733318,1236.21567209117,6978.21491422536,25.8289748739356,51.3092262649939,4.2090533244823,10.5613360620493,29.850643772161,25.0405475102825,9.33842606936625,19.537057262087,24.8328880900868,9.11684654125487,10.7903680294353,9.45988681070419,34.1823946463554,43.5362814778531,69.0082897628936,18.3857477729637,7.21973815131488,12.3730011938266,12.1201248607889,5.32071512097186,30.5776342649724,30.109166926532,62.8727288586855,45.5258318059198,20.6815615501797,9.33037600956452,20.1585854050789,70.6592839737346,12.0228036770466,97.9050763356366,14.3169684912903,121.002124709499,9.52889037650554,22.7976886281696,9.04427600011146,6.05471424056907,8.09227896703844,14.6619846230203,66.6337077969264,19.1074148830692,106.5246537186,16.7386925254921,7.14483704254993,32.1726235846913,21.6192955404517,69.2720842638517,19.8668050874536,17.6272857793698,50.9867431625079,29.9848496892867,15.6226649979217,163.912118784287,12.595072269557,15.1740610090872,209.269470255375,5.11857946847582,2490.66601504599,459.233498750108,9.28286315068822,94.475583367621,73.7854887407087,3.79088337804091,7.72459773560682,27.0016672166616,8.62966269204182,9.66930959789111,22.2871000930521,15.8521711468372,86.8660200085882,13.2256368207244,14.6026248138895,13.840412149022,19.7398755297313,60.149399257892,5378.40021190461,44.5860319562526,32.5772232912697,15.4963542646989,17.5307636115503,39.9532422934702,31.8594681414436,94.7593506643019,20.7006893299301,12.4092453164919,13.5152725307282,24.8071926178975,390.673739508944,73.8488430499433,47.5847696211124,16.3444210047026,5.69673983939073,5.19906400528406,5.93854779520026,33.501243522697,6.99635647760678,22.6993415591883,29.1210454685322,4.75735761975603,27.3976868793756,58.1077230759287,13.9130631640393
"bin_m14.vmb125",1614.12448702486,7372.43397621056,657.484978132053,378.399602600304,8026.65980224812,1345.72213799672,3826.42148362851,1242.63294993477,1424.9727795588,2379.03336848954,10573.0281500732,6788.75450215653,716.097123176411,10957.4454736489,1077.2273514374,2430.23030249309,4187.71713574989,3564.0604452606,10812.1880597597,3917.59811875486,3445.02626323646,17603.33579956,11859.2068756756,2719.60218913637,16188.7670905839,2206.58374039643,4479.86235392933,8178.7082727248,8534.74828637119,6276.8369389309,9448.92165280888,8021.95456758328,894.982549145035,7356.01462723999,17420.9801702709,2803.63946345144,2246.69264299122,3665.92848514759,1174.9011689985,12120.7853012845,3974.43984673879,1808.1184448819,3235.42116571268,1105.66999299302,12515.9929178124,15868.4041634995,8495.2923869757,4330.40679117075,3152.39453096292,2632.73385164843,4009.39511280766,9045.53166258051,24806.5694703134,13957.8945423542,3571.30710414439,4664.5697010754,7191.38372899389,12768.6887195277,3730.1513698222,11913.617722112,5662.07212915215,3192.28256291693,19289.3965606014,1822.61668264307,3754.47984834198,5566.524258678,1241.00406235061,9433.74813850832,14187.3828871118,5198.7989077819,6049.9921482298,2522.34804887281,13150.6022348753,17285.0515847898,22801.3992108783,1282.02136280374,1747.054448846,876.128167250951,1815.91600725869,5541.75511092307,1667.75921347223,1502.06741696694,1678.24657320147,1637.19109189612,698.70806095267,580.745470456977,6562.74061290378,6270.69440420417,7774.43021352793,2832.740855086,3743.93175694224,1273.12093128689,1269.16608398384,21416.9059234465,3960.20129383152,2688.18644147885,1517.59743087631,19133.5928073534,3359.90340145314,2005.73211192231,31002.265152042,3012.86608664507,11943.9052863792,2947.91312484456,709.422940893949,2803.5852740256,3564.83405435393,2666.63156775527,4534.72899445369,3710.42646997543,6454.48983044771,3405.8177919363,1224.63861334454,1089.58079827775,1349.88706814965,569.791976070914,6682.75255549328,1751.83482678159,1107.84105342152,8862.43334300173,5647.37691082821,6581.33569059666,3120.61631700126,10.8477797708006,4741.21621631641,6987.55778869631,8.40896230179318
"bin_m14.vmb146",37.3428685777086,42.3855276080044,69.431431138195,1731.16474519556,65.2415810951068,57.4541309328744,69.4191334647414,48.7784062234711,62.6435631891187,155.069225531533,80.3051324270125,38.4782751705166,684.350848158308,2841.66161883389,676.595281880133,305.503369933123,1141.57103092682,11.0867577702382,58.6681814735828,5160.18646154779,236.720493595899,14.1685982819928,8.30879529530645,1162.44685787965,46.0232276059774,2887.62110423976,396.431711108395,228.894609899192,205.974432898273,35.4097121783499,43.0330410870109,234.087612483102,30.2566074480113,211.401424447079,52.744478851595,26.8149040258544,41.3392063919543,49.7171264702488,100.501316963789,26.2968192850627,178.935223301549,8.49388913584064,9.17639247032414,9.58911373343891,8.92241841004858,10.6864851778315,10.1188296234092,7.06580436293862,7.92472514368796,7.10202814211518,10.1722840296299,2.65299049041004,71.2836636775111,106.792335202536,33.05959712239,204.513668532747,35.9717193369256,145.901176493183,3.2446054487961,2.58159184874817,3.83554422169784,4.15158991756716,7.00090525955841,15.3263613671426,588.28465107435,7.12111697062498,534.96338778267,544.012813835072,33.492976909315,23.29757943992,263.887639098098,1147.78261725076,9.31084709433014,43.0587200677207,14.8389218391011,1113.1601143475,3.14443202130868,8.50552868138342,121.999999312855,12.1477303244383,173.275131131906,143.420360881012,15.4913591177795,9.68580599039577,365.783783077851,272.504459891534,41.6842824069155,4.52716435821269,22.0387307160677,16.116388848074,3.12295494430332,374.850589983166,620.070816842638,832.695744292337,102.682748851302,1279.65951881395,62.8589715581015,113.987904007558,32.2525834087586,366.236347219799,51.0984048797161,1875.35127515412,73.5736163710624,1173.2606206638,326.89312218169,34.9453170159344,7.42596519653375,147.035430076806,10.4342990881546,27.192050812222,37.5799676809054,1241.96672496559,7.07880139516189,53.5146052484521,173.052095418674,5591.10986417041,21.6780495515169,353.190463195915,1947.12212341188,11.6661386090409,4.85898352233427,2876.63855786428,307.103831020817,1.54945942009106,114.443876937284,146.027741226973,6.37235114742557
"bin_m14.vmb151",996.133529643821,3700.27512739329,182.468803542004,469.66879802367,3144.0162458969,3182.01366505852,1498.35915235364,2497.29380133644,2473.76592001799,3429.73553348122,1484.31941946844,8846.73209596241,3086.56947309112,7156.22687619012,9774.91644813779,41.2043812059612,8953.28427564938,384.357442861979,301.386301418327,7845.37747568754,322.624261239768,218.729524543928,388.374384928085,3960.98846837886,3135.42598764863,16842.1845164231,11169.5232257659,10234.6576672553,3226.17752823358,4481.00167908262,3413.3226629165,16809.3910410765,10700.3863331912,231.167017945755,8115.15985414967,6740.76404635753,7840.78295531356,12492.6117392484,7549.11377363148,7962.25681913798,4959.36483717626,377.059423526134,1247.27366365713,2823.70525615313,1790.45208106432,2240.03238170544,1893.19856667402,578.974813331727,7364.99362122374,3788.9732064166,3310.07066995156,2058.06110553132,1433.38515194741,3784.54102117651,9863.96055454401,1457.28957873502,117.212154736103,562.594086595145,757.854343221617,310.079551454589,7312.82600330963,3160.2099528817,3453.19128754522,1818.11254551713,9394.8355035892,9269.4768002636,5344.70848333566,6785.5121226775,5936.88652772505,8066.57981936306,13296.5850001751,4419.99910855867,201.549909111005,409.035872371308,94.4030568937292,54.1349767443824,98.080821462165,93.5893252084157,11518.6846672855,167.740176098956,165.010507191502,147.145622082172,550.112310722114,317.19766925456,38.9403887029448,89.461412803895,93.0502859864539,30.2106520023501,3006.00489043639,2192.37482615826,123.022530387605,10794.6223371805,4626.0868025877,712.035534946696,2267.0750681535,14961.5088842749,93.9932243528435,2823.99486840816,5096.13171406654,1419.35660690804,336.960303706087,4545.94395088669,3636.10791723534,1209.34866468033,1517.86558455974,1962.95705953885,1961.91426125397,5459.43934688982,873.369597641852,2488.34581191982,1196.81221511481,3866.8600672405,516.056894030862,40042.1413275657,9239.84752109213,9813.44058436978,246.447393563312,237.877731506551,11780.9500839291,564.482900918323,8199.00354070256,6440.15186537669,6958.03041892945,11.0650381220413,7687.38719073551,3086.6266922308,21.0716938436012
"bin_m14.vmb15_sub",194.677313456575,186.331529166758,212.981945121614,280.436418688637,183.749135438738,220.155584724231,324.549279629199,390.684022938645,680.830711879299,1110.34624675221,480.97147458368,1231.02031176511,142.634297610856,1109.70830731407,886.877992266783,1473.20711286581,446.624979152075,1396.8809694791,1114.78231990616,997.616462793585,1442.25928984969,977.73078348309,988.611251863907,2904.87870956983,732.35148891258,942.016643237083,5145.62181628479,1585.30080742086,39.0365296456822,326.902696784068,362.622832394092,529.310598163333,503.253298281986,1019.10274495638,159.785431091797,843.440866252839,427.525259458005,442.1788910554,1955.8191063832,132.328445423797,1259.60318929077,285.283155675831,14.213132279227,180.947496953263,22.678575417372,261.070999854658,1309.15924646982,47.756003887439,728.460257181847,3496.36824748465,1531.60795954749,40.8042893226671,244.063884971319,348.56455425324,149.065325458851,527.514298541937,116.670010499364,387.628532456795,672.711749080786,238.215555643133,139.800695067027,1472.91317760672,458.210059035564,466.854636075344,2176.1821231114,983.382131917989,1323.75678555883,1077.54264763729,703.992993496272,1325.46761503459,664.703840479597,98.8170214098254,31.375199582177,94.3959594293921,94.027284970969,1699.83957121338,6.2667419798551,1891.45645508216,882.167632333898,29.6889602265583,1061.50863107143,1432.45132068959,1049.14168290971,1418.10290293934,3617.93670871449,2605.5004810469,3444.51029276899,1246.57311679816,418.805670599195,461.696890965902,795.960606541785,1497.62243758009,963.705591505061,125.977665830463,267.893479487397,146.038848072713,121.037807556869,130.483700489828,102.776962119788,1260.18609558642,153.09439839778,619.213432174726,2079.15730330242,770.085138150448,1162.04238027788,316.07946860087,67.761114915264,588.343462109588,44.0444699376598,78.8879228977525,138.480175139356,1625.10497271744,94.4609298305133,867.040230747869,596.686536769635,1113.21281699588,54.8596148640198,37.9765137583285,53.3866511356615,84.2150869178572,56.8541117945383,75.582643211629,2391.32156874383,1.29226836389706,191.716371759144,297.438689172162,42.7869077482731
"bin_m14.vmb161",1274.18225014799,1845.37885204407,1004.07880109685,452.00323340996,9251.83995164665,77.9643290570466,570.340850746547,404.206187244709,264.893745963932,1607.65634708476,1710.86734799215,5598.50431707566,67.5315681360551,159.311831435205,613.000527095746,257.433801326604,449.273877680513,1293.43588711257,530.905706246903,995.476272844154,210.29185751729,1443.81305031931,3573.84905795208,2430.69914813595,2842.19152096516,5406.67278277443,124.738921732541,2291.78412601913,276.842899218168,536.92713883009,4670.26710042276,1370.08746640213,1976.60359012055,291.814251951204,895.736060673653,2145.43699364938,1617.60196667639,9800.06329016309,1164.33107130646,6807.94810062676,796.223169783727,422.128724782519,1025.78683208323,888.035587142711,440.624614475786,1470.35918749159,4634.82906267416,2737.87513060646,7679.13157504077,3905.84677886633,2079.33781343486,4715.90721798341,453.261039304787,194.244005114283,91.1081108152375,324.373196102476,286.513204710331,405.732011423177,166.631538653021,1547.16529054548,3441.1700637388,98.2041660134024,828.195903318857,1895.84001891694,215.21103057171,2187.49486855418,202.881325046787,2140.41528875936,812.864694572845,406.994360234495,540.451062474214,96.9445006810414,527.417316950906,573.998605625993,186.527136004722,212.707290061189,668.309603190434,119.547660652809,418.081862873872,776.849470509283,903.098889184414,230.142196667235,417.085559382315,340.088845095076,71.2670190283311,584.755486558396,405.690795827187,43.2679701839403,2527.24856677564,3908.4481279469,2139.57237897404,869.721760749113,1315.05666871793,276.934076692455,1475.79860565291,1568.8613336136,614.315502541745,234.1033534875,2391.79334505704,238.231634990009,161.728983963812,1475.24671882523,1340.41103599679,298.446347936416,478.667882107914,814.624508733029,3290.0471955557,4947.392344723,722.424873363011,361.549645328948,2557.98878684958,173.120501997552,43.3334646164213,66.3475074069728,372.308713094777,22.2907497789431,211.641025819033,259.277812661351,67.8726743436018,632.32612267901,774.699184119579,179.951257537409,1794.15229168423,1.4433913573306,93.8898526748778,288.605287913506,0.452276769331553
"bin_m14.vmb180",3993.56866836672,5759.32783525702,1855.61046748394,9917.42802691799,1865.81277919036,660.893592820913,394.20324867816,194.976791581012,409.751986534341,290.304302204461,364.748607898796,49.5556351010951,590.668083911716,499.33466918515,92.4654658367147,429.611334624351,92.7451318987883,16.9641417100991,587.453672859414,818.23311171356,403.490125640929,870.459796639492,297.715750079683,848.955018013712,780.389763391444,4104.42314271925,1870.79910629176,2803.73146357366,58.0036665908148,55.6755319057302,386.975115639537,655.299296475102,60.1969599213894,444.622654892931,452.898896401765,149.244688209038,34.5309111431853,37.8271129990458,226.058504207006,318.469374053913,301.92949978526,212.920255698304,147.278312234754,137.471441226506,281.466672947185,169.806338221493,418.504004161131,1099.44737633192,258.965591254365,100.672453798524,285.615854704754,225.273243786975,152.918546235033,276.004501573578,34.5919339766238,291.884550306397,120.807190557629,300.786905636078,73.4281177504526,3306.55553464725,1218.27488853973,381.009364651183,102.867021008405,384.751111882779,670.203951581347,4529.77476319891,616.683379365261,1771.50107422602,5366.95385691044,94.2810684064547,8913.8361381763,45.4082608257922,188.205074367112,63.9482878500293,72.5863783404732,78.8307954828316,8.97616899503389,57.5962387358252,774.48860871388,481.080138108044,5.10712733293401,16.1795379040314,38.4756341452154,44.2136902709844,5.90577749521105,43.3621788787853,108.41069537593,249.048267584656,395.900439486733,2883.92283143618,515.248689871815,68.0681941355302,570.628652565196,283.755007039277,147.603445432654,20.3161714961729,381.206054655391,98.2264788189905,117.04198520641,2010.03900688191,131.127280398656,12457.7907515337,356.016763134685,3080.45346910588,1116.82599761796,345.496896471158,276.761609291839,354.471403289037,161.961686758859,241.83426668439,41.1229999435415,21.3033926307732,49.3891097979047,8.80335148204111,189.196299191089,4.15206710244891,64.1864910138785,71.3904704776431,116.113864569271,112.125933030809,33.1726259746619,87.9607029780247,2615.74917013649,2.06162512864507,54.827825500801,247.005439527976,5935.08894690351
"bin_m14.vmb42",87.0269535091036,64.7551351384342,37.9292645019777,73.3309510567998,52.1414991045561,63.1064157751017,59.1186650847815,42.0874715566506,58.2291711585009,125.540661569431,94.2833915853738,59.1790837076123,45.3889763720203,2016.84534053498,1069.34745428774,53.1520169607387,138.465261586237,474.552083178183,341.072030618167,5266.24035764648,897.176451769706,2620.3654717544,1830.04201326804,332.907070932975,822.945921420654,2867.20027656146,1112.70367991089,3004.68622900752,27.9137717466534,631.330214485294,321.701817992695,519.357900316461,100.210960123073,1410.58997342562,1050.02006342853,30.6157539240795,21.9356864113283,31.0894984253951,99.2163870497782,82.4141134630606,86.6688470216898,55.0066254159749,15.9805393195616,33.3010119121281,58.2826576434954,81.7152619729322,72.403189002669,91.1298197856372,76.2895034513459,59.5099289236808,573.523976223882,92.1627947675939,40.5900012382248,263.283462656534,70.5639394766404,262.752835770149,48.5447686780637,247.505367695274,48.2054669677067,30.865987876099,10.5228419246889,40.3604705291962,67.9240265993149,59.4757579478057,2509.089505568,5091.44590013748,1072.3361402784,1336.0857486642,2227.17352491189,114.006128723256,111.494491251881,91.8710491072954,96.7589885391275,151.180698119712,68.8177192715895,12.293443242834,9.10292379134927,10.4174001675874,3929.37186205879,17.4215937125547,9.90602016452425,26.8742290282817,73.896807164208,67.2995982842828,13.8862716497321,12.3524358402945,142.413982718316,3.65451389113904,87.6501065463217,66.5278363356223,33.6594042173972,11.1429131503896,88.045977657396,34.622761642169,200.614097752272,29.9176952680867,56.9888927357055,80.4398482874763,72.2253536563833,235.508196899692,46.0413138983457,1210.54923335093,579.574597887173,857.878827371738,1093.92954986554,46.6562049417534,92.8920290934648,233.576933147741,97.1820412912677,122.479659806794,43.5896103928539,11.802307189451,15.3079216639227,6.55436103465028,393.151561405653,7.72834836966962,39.8842287754524,53.7802862821692,71.7025123160404,87.6218277648161,12.5180100882815,43.2300484646777,1313.42637151749,7.59098672272121,40.8732394244809,277.101812765395,11375.4767607571
"bin_m14.vmb46",3918.09586255399,4940.24606970028,4730.52450212708,3124.81001983804,1640.66684273393,4643.23001388887,1582.97174883843,507.798033972353,22034.8243095389,3192.96930983971,764.910470905271,3330.75426663395,3743.40286907822,5136.13422696796,879.493143814579,210.961848424169,597.311958944586,684.197769996558,269.161788780004,5079.15028947469,196.27819886427,22.6822152612624,24.4002553525849,1229.20698664388,118.062212231188,5480.64515423206,1342.27532285051,1118.82723391727,15.4994353381341,37.0193429820179,30.87976487659,32.6287632614023,76.037547430066,584.731250525897,41.9685554367243,39.3956125931116,44.2266240874777,63.1566596686632,42.6330994111157,33.9185576501049,108.404059672505,823.598045884322,52.7593442309232,2226.34408980579,2480.83874819659,2075.96988066659,28.1908563075369,8.47291314542375,43.6589568037576,21.2760397861626,29.6091386614209,12.5186858900373,36.3126518054254,91.7409757698614,17.0724182786419,192.618038692102,52.7208638764753,152.979155573698,20.4445486019984,18.9532591930596,21.1308097704041,38.1377317491668,15.9436159408257,51.0729012067456,1101.61162669992,585.070598394555,1714.85630546796,980.723170651678,298.295907645787,16.8284945888035,36.5218735822978,11.8877879410871,19.4300721709023,10.5374658967443,5.02687532819488,42.382027299794,22.77065817882,85.2839195475485,1671.35538368624,48.8763892384607,156.399909478065,13.3553468285208,19.8334091496987,19.6236886100173,6.85979218524362,2.64236072491432,7.7189769416012,30.3514775795441,39.6032220465142,55.3190029804792,22.469226127129,23.3778774014595,42.8912736818554,1299.82148968279,965.813167847805,161.710541224296,2236.05084859507,916.970080995226,769.789646542842,122.253400466626,26.2604221792361,105.467422132464,49.9282764525467,37.4996686330994,49.3131193917833,33.3294070138314,15.8759821072824,181.054927587292,16.9710509490908,48.5671198726048,27.7963458137117,6804.30692501535,128.236958752664,6252.38936692601,165.368530411727,3487.15314797025,50.4009634533077,32.0790578801609,3182.29850902545,42.8498049461056,35.4763560630817,1670.1696588366,896.249429471281,3.38425825859164,22.5565631699763,90.1882817046596,4.36649328681653
"bin_m14.vmb57_sub",1123.52410958557,504.67911943986,1040.31600505935,2142.3754007663,462.257723073758,273.067896332998,33.0837535041367,35.767856415339,66.3588538022504,109.362701736585,65.7093999149692,61.8973851544756,5955.89311040314,2475.87715439009,1702.92685620621,182.927596125121,1345.03154728232,436.287176357599,136.271928865206,987.612232134499,434.182096535329,247.02542786931,319.043648504687,2296.02789134944,599.646603468904,5848.89459609592,2892.36383189731,2061.75800452167,8359.87858828225,523.098276174282,2114.10198102275,3287.87708086372,2783.54926725604,6854.82471051273,233.506087334723,46.2181045383047,38.0459894611195,58.0886013915351,249.083193659544,10.7253327275418,56.9955941889681,124.09578825001,14.9121319703633,115.540222509159,65.3456835493735,101.65471969008,110.118832992199,56.0959850384818,156.362273326972,218.759615032395,156.808980943213,25.2030964392573,28.3357487532937,215.655981425713,1928.82470741319,257.143219608616,778.093441793442,1443.91847798134,44.1549678911583,30.9286124386162,139.048565623049,58.5986682958208,18.2199531678275,30.921094552178,3368.35561691093,2248.15953205498,8044.05952132249,1703.40938031424,1271.02599671448,81.5120208114906,896.274368219032,247.882486299418,37.7283191079768,43.6655278864135,10896.2360527266,136.124846043684,33.1278934268338,889.444080083319,888.506047523741,45.1473469248977,59.8806057802583,47.8387259090951,205.398674948952,158.852482805869,231.930740485583,356.887389888036,1865.51181694132,177.941094763515,158.497333053017,2727.77547606412,143.220486003047,1316.11848261433,2579.96216357648,28.8455536266255,129.055707642705,69.8971346168477,64.8533724348695,32.4810750417078,18.6618020481096,175.883832400806,10.1549240130043,1012.87941624917,1308.1878679312,367.772184340326,451.825607748593,46.9830946794637,29.9123076518323,180.968414613703,15.9004112836651,33.8514396204684,19.5973120497399,3021.02432448346,127.030772846253,9766.72523903023,81.5744771979819,459.212024036118,80.2632831569808,90.7688662221162,3747.12479874441,76.2997287335942,85.137957497225,15685.7600452978,186.566797707253,6.3308583001005,3746.55256414783,2913.49900225751,53.3002462962596
"bin_m14.vmb84",11.7070902110102,20.0573244435038,990.315485294241,18.5424306454832,22.1435453621966,17.9267355772039,26.2709851508046,17.5198719860892,31.0949528925038,50.1085705356495,21.40098080047,13.287536122417,453.074545166017,5167.31036183611,969.915710211297,5.62474859045384,1355.57195350276,16969.0595953257,6521.04916328444,7900.34502255079,16510.7107281957,4626.02794086018,153.991654150441,10.4059394885511,7.81592947720486,7683.67063557356,6.43543007934451,763.22893206064,10.2293312248712,784.742641677517,557.775613874394,6346.83692769253,77.4980500311609,5631.15102744339,201.538084530832,7.98380364857103,11.9773114066711,12.2463695868611,24.3444091371446,9.6188125323657,61.0982802957637,3.56514765242669,33.5678979726514,8.03837284467519,12.2311925507957,22.8986831876915,86.5581345995641,11.9827731665157,62.5335365293503,48.3090102301022,41.6995746087018,3.14941189121741,17.4970500860589,504.109664344951,7.48443049951676,152.605696447942,12.3490341858305,143.126171513924,8.15800873120783,31.4179083413277,160.274129738472,5.32445996466076,6.40195250598201,7.90011072875485,265.480380140749,13115.9434916844,15790.7775431548,953.839155598182,20.5424858724604,9.21292029467018,10.1100257879155,2487.14785467202,11.5794078340786,21.2286911830239,8.19042790769072,3.54242151922394,18.6640540831787,7.68021311492339,505.611778967544,14.2359034632054,10.4848309779061,36.2445431978427,93.7939464093117,77.0520974828551,4.80006262504993,4.98019766333183,11.7270848690737,17.274461167112,95.1595121635428,1677.31053417922,3.64111294545516,19.3381149572907,246.946568723503,10.0493411817591,107.060590833216,6.85967598485896,4.21431853956623,28.6048787438102,34.451629847924,92.4889636647744,23.3752807143601,297.970957465119,30.0360377896671,7.48111814675908,6.02307095328287,16.5420707853743,7.11116556849262,117.455984390463,9.83938910382847,16.492870687942,9.0633318412719,10263.2726003806,36.1598146154769,862.712053310227,38.4082295953916,6686.84122262747,59.8649791138339,58.4540726018537,2384.27013967335,110.414403170732,7.97032487096381,24627.8746277293,8.20457225453087,7.58748646233839,9.81182096589743,92.0739336800854,5.15122134783055
"bin_m15.cct109_sub",336.377801206659,768.222120377114,841.583365923449,299.504050263692,1475.98435744937,317.757295361766,448.58653605303,332.696236723492,303.712150043536,650.380647548244,481.71995632938,347.05744693195,26.777214601221,38.2424522577419,83.24025522308,37.2636934136507,403.484454700705,36.5305738489791,132.147530015389,410.427988539615,273.62044253176,97.8181935310999,123.035029415341,139.273196313475,230.717068622534,206.862864910175,238.375118481325,380.68344744598,41.3258093992687,234.454584766529,227.896342328769,283.466555162988,199.811455566863,608.43214912965,1825.61739235039,213.732894275599,606.788728075041,645.644638015895,406.344100587184,415.632431307073,823.232877354764,30.3690244980589,127.216238312162,43.2964769071563,94.3198485467792,136.608113744841,62.1275291973823,130.893545409718,177.071066362132,109.050822731787,49.6678472306714,228.395812803393,356.65652901408,465.118685514045,141.310376477254,812.971099421468,170.083214606328,621.470871126887,46.2052121768073,74.3243486437843,95.5971861330868,38.6369695762083,76.1420176302302,60.848770756044,590.672654859691,103.666558038387,712.380168482886,268.072891243321,152.046604249724,137.106537303304,160.661418554185,48.2268650687171,103.0149622906,181.580001791693,58.3500180781324,36.5756717014539,187.737264187121,46.3835217525532,146.4825908771,114.016060861985,84.5718658076009,90.1304844750354,158.370496512201,52.1287165460359,27.4192868054597,78.3020554517762,1019.42506125637,21.4087622650508,135.686050112548,43.5202508581396,74.0008139237371,25.757917062578,103.154263463553,173.380497144324,426.264967360948,140.926237961104,103.717702346267,210.854115519288,153.724530931886,737.040091553363,281.655140132573,357.830471138934,425.736571005484,162.653346946358,38.7259855493808,339.538757219698,188.972087160901,707.886751773313,174.21075322287,210.75785377753,284.501213733621,14.8103208020326,20.2228061339885,21.391427564528,28.3566274548567,9.00820098847398,45.7121805509976,80.4912110584855,35.5456753175413,284.809187650438,193.20332813698,35.7125859977012,77.9683186009491,0.543130621239385,167.126312323795,558.578787368491,0.635362000808758
"bin_m15.cct143",511.230459694134,1090.04644166111,358.250192725727,356.439569443392,1041.21448659882,320.84942128937,2764.80426108797,936.120260361597,735.908609009933,784.360160264928,1789.90434941827,2606.27622267229,445.022548834199,169.02665765425,415.50311009779,325.572304792845,303.940459532375,45.7537233727123,637.001111738378,94.4680398235078,424.239179395692,155.75603492035,194.526381391756,206.474923700286,338.830549321011,156.528314132208,270.917121939479,539.298726428938,241.974506111984,2045.46053024518,381.068134780727,1587.40138118036,1739.2553437206,3048.60399335165,621.380925997891,513.229803656105,369.848367997469,296.310642632349,354.512894198281,337.946695918545,824.329211632425,41.0651932428411,158.2759758463,76.3645746356451,47.9486929613693,161.198474127879,200.458892634193,81.629471462657,41.5692931343572,23.0991324261231,111.483653563136,221.195679109548,446.415353501513,514.482809220075,171.294199965757,744.793832971986,202.542062026193,444.482993152861,42.4632324176129,622.1957774096,200.684833159312,35.0319559558772,85.602812631605,61.5502498702473,482.397595926635,83.9024846588853,354.589081750291,387.596511689326,262.306054289482,167.109405233314,188.359171897165,76.6567767428576,427.037099377939,637.728022248691,137.829770189743,226.327650737738,128.356581825082,125.368340818352,354.330802204155,344.929276846554,2204.11868174249,203.617795433926,821.234028792791,359.440270413233,32.7021226784755,720.105920558283,51.1724285964868,93.9941343373987,142.991669281773,46.7348127429932,109.987725345123,302.142091178453,160.078006700072,849.019307163183,1069.22207702271,867.595573523998,134.915084259281,645.596901496313,364.933205209204,611.013320921441,962.577030668115,259.938364976828,709.648361994202,195.2724003293,34.1007317275963,466.098932242876,100.368448147469,468.414613236624,160.009977811682,146.020532794545,416.850200784642,49.9873657467291,47.4615207758777,35.9638512813162,84.7461416235826,14.6641887155176,663.286904732439,410.515772724907,273.671610737713,1051.24231148499,107.26570247469,54.1040684479109,682.463614216172,0.643015680910912,194.941509137097,915.940312650312,0.548485713194784
"bin_m15.cct169",32213.2988379586,2839.23237917335,16748.8281813572,14064.1215159248,8252.54754453007,33.9371278295518,50.8838263563955,42.5266031025548,52.4653290233639,757.452297667526,52.9377985556738,413.377996790946,718.520589399269,28635.0781216964,10840.568566796,56.199341539294,11950.6401283972,2.48824935113071,187.581688177059,4.98683788491323,148.288298182665,3.90220301413789,119.216702088343,16.7158297411511,21.6035419477855,102.004917332857,173.62991969074,2936.36958591544,20.9217056858096,741.00796134269,36.9153773263792,22.9637506227632,55.0834418101333,4922.15877270531,20209.2475357556,26.6568227236683,35.7297529403036,49.0333544895777,40.1858851662941,38.7288716712974,79.1270223755048,68.8817157447743,26.6018458529219,87.3200385772062,9384.47069512584,121.807762244069,115.861506348405,28.1921645995771,84.6130073562039,94.7551450440381,36.7327999570269,42.1486755676746,46.4050151892151,157.073562687952,32.7523742775109,208.329313402475,51.1308347588415,223.320005275062,21.9515644941652,33.9913438510866,15.6096792724859,23.6045718107998,39.599448315393,52.8154342697118,352.999975987587,23.0700060149565,34294.7987622757,6674.37766196062,7032.45628494262,48.1914954906437,42.2394415874524,13.4428227876761,31.2958581327034,40.9870216422525,23.7491117221203,48.4474222312369,11.4625805520202,40.6155927736489,10638.6510504132,59.4053071262222,57.9231185672648,3.96165618114913,145.740665599486,109.917643708478,11.3573912290842,6.86452456177991,21.7156037828394,5.78841302041012,23.6530707941764,107.886968208568,19.9989672461501,18.7434042492142,116.269408454718,31.7940032099389,144.075218431795,31.3346720727449,32.164873712929,41.5737807849931,38.6058016971398,195.220057636988,38.3735510051388,159.545064375672,32.0122617905967,59.9449043317148,27.2564211090062,35.7995592368038,32.8291383110316,198.216633689929,13.8621735292389,17.0745857089621,40.6384781839208,7.76357315482854,38.0632328164633,53.9235773698412,71.8544458083555,53.1453168574572,9.40482855929832,7.55111465645101,12.8850189343294,164.695091634535,12.6350232774648,30.1166388709888,268.259662217058,15.3010848588904,37.3404646511378,178.13930607442,947.347610134868
"bin_m15.cct181",1743.17877312716,9294.20651561482,651.392867110028,1023.47891956705,1203.89374288878,733.107335503596,4670.63960648723,2965.47371765893,1656.09071744769,1132.93659019456,6530.11703827962,8512.19052795821,1895.0193279695,627.118023398948,2992.39252481316,313.544154234236,3002.00006974971,806.699451444469,5903.04212510708,852.424747249449,1105.01530863679,1597.98768944468,1800.09365439776,262.233855518902,3409.72800879395,818.166670127397,2480.1892379454,933.595848501844,1756.40666493246,3625.46147021523,1268.77167936851,9600.03003649687,3882.68362120171,1967.24902377011,2116.99772709929,1179.23215816507,1286.54543053594,755.046153350317,513.185700759877,1376.64461063358,870.533150436619,266.802744262012,1839.94935404217,1091.15835155878,1883.35638022972,1524.11394801601,1605.57402175089,4626.10903030282,482.048277792378,519.998382555968,696.45970255939,6392.25837227409,1720.08880391257,527.751494070255,382.017912045497,1733.70167602875,1989.45269723962,1413.7935914349,505.659819059689,3716.82118707204,4275.51679879466,1170.63025415632,3163.16367375431,1695.28693162194,1081.54848176818,352.035936550806,648.352306927423,710.500964910487,991.510314018379,746.535648222368,696.681979836319,143.192492344751,2315.56057993667,3685.1466088921,147.725990260072,321.117133548873,5945.63216648671,1120.26126937395,1817.36096799496,667.218662448362,1094.13620957252,768.611259384079,1925.0559295871,1299.74848606027,104.112962691753,771.372520884775,142.368492008558,1479.00493373318,3843.191028766,853.466693681482,5743.98389911558,2903.66921056307,1542.44668683979,5354.90218684199,347.060262411105,981.995261213602,846.207350935136,2251.78552400266,2895.2253191833,2151.53906484547,2153.40973642296,625.420454739413,2774.11448050861,1394.34547685385,295.679628912587,2314.31053522912,2673.42316680113,3913.35842976861,8303.73129485344,4608.10691820212,9763.28367231478,347.845083654476,76.7738837244544,105.234517396538,1006.78273940046,61.5733861576246,1280.44775189013,1315.64081994169,247.0522698386,2191.37184282669,2753.9629192553,1044.03031594054,1881.57506006688,3.69047133216846,691.375601867438,4649.02316154074,2.82671607198109
"bin_m15.mtb130_sub",235.029057142024,449.756048289245,223.785175175252,170.758527568272,562.978527032885,626.684482505695,633.751543486847,496.972062302984,445.902878495527,691.759959082979,559.002444902793,447.322558491524,546.053421705729,164.157209910186,1589.8844656409,310.690549337983,17475.157174404,211.029612774596,675.616145714632,256.086721623868,404.625602082198,426.294613687875,472.533448873642,112.295142019266,816.554498847196,344.076997856525,513.917705027951,639.300550959993,382.281637874616,684.482568716673,457.157670091441,559.821030755681,468.260631167508,608.328992072663,2619.90182880773,449.643535049915,401.490429944582,284.21210991323,302.294256509926,380.396462749241,661.831851841855,210.239079825388,636.623771628955,218.927025167692,415.855499118321,474.045166491973,442.731604914797,669.940334803413,309.645562154299,268.751284955719,287.538682453659,593.047872607164,550.731981959628,328.502009401898,171.315597705979,527.589759221264,260.284369110143,606.662830580598,432.306994289033,482.707383592344,315.121939971321,336.736695535789,680.044777811183,852.780413729941,548.351998801853,533.867705111829,507.40395411984,661.369059967543,2284.08198160231,252.561253230005,460.19633568024,94.3424104277701,455.313991753497,555.140541141831,222.417636390864,188.531382630441,634.787074446094,266.071972532577,1346.38528334374,5337.85202549853,4083.97755421385,428.759071461238,863.171327942715,1487.88374977554,153.739067758644,800.693614421792,519.032091790014,262.88543746931,480.89841898532,263.960296889524,985.214779657897,246.568284045034,381.372029336467,525.720187124473,439.802539376694,307.147797813209,168.344803754044,559.554316656626,429.791035295279,609.750150969244,385.560764328826,281.978184473483,525.315673656389,437.002736434998,277.909159472631,480.469985903231,615.626093423038,610.731317354571,510.951236831977,369.337986570183,728.425033358284,98.5387306947798,72.502586624855,110.814533893321,550.986671198044,127.303351610464,394.454167450932,370.950780814423,161.811430901388,550.110237525751,473.532859112591,153.076192267154,624.893192882878,0.854682082804032,290.889260151583,506.523231014831,361.582404595286
"bin_m15.mtb150_sub",5364.58378049814,4900.57362240389,7870.39044038156,6957.94871246419,2070.40911059167,5729.75703688744,6029.61399982902,9325.85536573775,7095.3382829237,10075.3544730811,8536.57249743696,7825.21337516013,12752.4042202011,15948.3133035419,17931.163486762,2796.21387590734,27522.4326404615,114096.795131302,15164.4492805427,21728.5510696916,25975.4335325066,15369.2194491172,16897.625018638,98455.0837938925,10239.757638143,13652.3692819569,84994.7546965139,17988.4342021498,22618.1449474843,3028.06232159214,8467.14641943615,10978.3000845989,10918.0617200067,35896.3539848066,2796.448783164,5845.46529845093,6844.05328295577,5117.3128526209,9344.53626550832,1527.83519659544,7067.43087198705,18331.1500000229,935.571170821487,11021.3419244124,4307.33465871791,11415.8593896342,25996.7834598944,6458.43893271629,4741.83895099303,24548.4572771585,13201.4126791629,1336.9434854471,1296.56043767629,94759.4137481741,26033.7592636848,16815.8584048918,868.633037751204,1336.7854335942,2308.74063380762,1883.98715789353,3311.6146759498,3354.09865296223,1083.25238215827,2096.56785480169,29853.1442953521,5982.96549321379,47184.2534513815,17600.3518251097,25743.3462245824,23014.4057817565,3107.39910224394,24044.1015479176,499.16888900721,222.110847804483,40332.2143886264,8727.65280161056,391.980323922606,11201.46767289,9470.01618687248,586.803126407714,8499.08646315501,9288.43618121546,6700.02736044407,13157.0964446347,16591.8140219447,12112.7521953635,8889.59875971198,6374.12567168013,2790.15090064733,5976.73079743599,2720.65858317262,4214.14629194269,3707.43580960033,1836.64680868167,2766.21402590863,4333.92638859101,4355.35286199059,1656.66763218402,767.776609726869,2242.72544358236,299.755834044179,4034.83965193407,2412.63444789211,2629.80442082884,4211.96210947134,10850.3685980275,1336.92167611948,3533.29235314393,1500.94432957087,1148.81171489901,1294.99856989337,14053.8594921041,3089.6757539254,10003.4945937871,5905.97129256047,5304.27625111843,10813.8369333423,7033.17984340857,9374.42802927062,3829.5721039597,11495.1751591842,22810.0923995919,36856.4575488248,26.0064654009703,13397.6858931054,17210.0733742389,2833.79643540955
"bin_m15.mtb67",2907.14394676563,4296.68435844273,1963.6752724079,1059.06498601578,429.367722561572,763.216675454842,4931.71839686373,1664.15636133235,1210.1071201753,2104.08152932543,4551.76762666284,6222.68317804889,187.722169791664,105.685628693157,299.147907621418,90.8549598387089,606.780768957307,502.233005103038,488.298768880658,2237.26376224476,806.316783947983,3923.83547503077,4325.39925849707,292.174286472746,409.100568361414,279.770947343619,3102.3876438122,1234.69058662346,3587.58829095217,3893.91136569301,1097.0404414022,3418.81274143709,185.477685334967,4575.88280480192,5455.16462582317,2174.44233351613,516.038888110191,1154.9715636507,1421.93092957425,3025.71851748937,1141.85852402462,452.589695419038,1172.68536930924,952.624157514734,6284.04552950771,491.731185798434,1739.17988430748,1085.07164875139,2450.58804711928,1327.0563570038,4014.75182672101,3265.39993997782,2242.60583348861,639.511034633899,3182.6175159547,3665.87349511499,930.88589006726,2273.97661945695,419.652584942317,1750.24829136243,3406.99563190094,832.344687794185,3017.49177922624,604.463718170218,2745.24498286226,588.552553374053,1078.67580241351,867.82239993767,1278.56540646123,1341.97275094193,1723.90470664679,1259.43298010423,5098.25322296343,2381.8011927808,945.557353674107,90.3059597925147,234.125185677619,190.024897030931,470.278709687029,280.556523373989,288.912592507128,147.324936693036,177.045610701558,120.858618427708,47.6280547613684,135.973993109925,65.9625026725294,935.531103149067,2219.37088400377,962.857902910075,5849.66002261177,2902.18354046966,588.453969438354,865.545081327378,162.026302554166,203.363842045747,620.331539794454,1756.30667776517,395.459599457041,5369.83466889093,9053.37572391409,1614.62504113826,1758.33608988844,1768.50790626005,729.447656494959,1910.58453318215,3514.27516642163,1605.72862213405,5539.61586637454,10134.8468330732,1053.72541734584,2215.64775121595,1104.46947361466,8279.24421088676,1898.26329087591,1379.64099043647,4262.38138852943,425.484878235075,287.606566926835,5649.86749010977,2045.83790028457,888.831535127004,1746.60091578301,1.88979100561193,1851.62379033513,2112.22900202616,1.21913859832387
"bin_m15.mtb72",160.676755097069,355.565330514564,102.958483066613,161.548002715329,561.251376105885,168.189404742282,543.930456370897,597.828218060581,385.388500581683,356.446387034217,436.756103735177,521.358601776737,350213.831564656,7508.99029699395,393.606656554795,259.256612205748,412.966184031484,656.943589758195,1385.74895736938,205.806654565313,332.600890187281,1212.61349715488,1191.74981878362,178.324247761913,2437.48361085643,775.563619529347,689.285934236332,738.673325208519,692.701368236458,229798.989766507,283834.963592306,231459.853346364,295239.976032825,417.838800529779,808.530036257613,470.899000783841,442.02101590196,273.44821472222,245.009718231122,584.99883370431,669.117949049678,281.150090627813,704.570138681242,396.932792913291,420.207150266396,480.490552238467,617.630867082867,1043.34895736407,241.872551812852,240.129493849836,331.369756289776,912.500138814885,765.991787448314,402.449806861285,216.882319120962,546.511553550271,234.381385202891,1338.4212455749,715.659938867488,614.919134581285,341.645411114503,523.513998929812,1049.65474401894,1154.2024458973,589.153739564239,700.384733320995,375.436860033074,787.129475970021,753.320063185095,338.878874831482,645.806608687823,87.099976994887,852.312138269656,1127.19974634557,385.319250089282,320.141420364416,730.808413696487,400.506899119055,373.997297856996,972.751956230873,565.055493902195,795.214102487588,651.750981392668,188.050623606534,58.3732187025244,346.318705141614,186.006639250205,285.775099370394,881.00849265614,342.586929029937,878.413862301421,302.900419105002,440.764112303736,779.046861921222,320.722872184328,268.675709228391,169.781197638118,575.658288190822,659.283463370187,767.270887870471,581.244504372803,286.184331154633,549.900586392456,582.474832685657,257.977894466539,448.032501761053,366.111149618695,672.053225663218,1346.30758296928,554.773111955255,1532.30604705462,78.8005551494535,305.217893805195,253.233294064426,549.04185458426,218.451244163679,604.660228938953,492.51100486939,145.963439867251,741.635379232486,444.884221567442,168.198268511259,1414.65114401151,4.0047983679198,424.016405539416,737.893117436011,235.9621668646
"bin_m15.mtb98",224.203937693552,238.325215052057,222.929386418292,342.666353264939,343.187668637516,319.367052984835,341.655909034657,353.071428014586,423.415321997927,1064.69721005722,509.166822009452,232.832561798359,1297.48138568891,608.885584167842,1367.99330295682,15.9056515600753,995.67444582411,2869.58212053169,1091.76132570241,175.190319268155,845.957940325772,1610.63103360821,741.662451959784,199.931448982227,317.836196139323,225.131639496755,200.64678579158,640.552234200668,1708.47023076065,2352.96137136017,2734.04426700663,688.616133043405,1898.76047380644,5429.65317549296,5654.94926473034,235.04952580827,302.66580353289,323.215729140491,463.758362727891,244.505842983772,1311.49413836893,38.9445252598064,37.7675948053585,60.2101866288558,51.5838665686368,47.0452699096396,86.6933753149533,101.20277984217,40.187868562867,56.6078429568604,111.003717901611,170.547983941644,4219.65894410776,8297.95145632294,1283.97699298878,2857.9121041908,3777.04414480778,3550.95081322337,17.5375523235316,11.9538809548846,10.1975136250395,6.54729449516964,17.2344625655513,31.8716128606843,2197.35599387564,869.278858868889,647.168202192612,4966.35857313675,2804.9795748118,3825.25750371463,193.40281083508,634.949539749704,66.9106713226264,223.104143068878,59.0357969643905,42.5399288738387,25.333521909877,49.4504193354503,592.96138514494,86.0078107934992,30.2033935846919,12.6741191051547,60.548974190969,41.9562882697985,0.395896853928668,0.973638944874375,54.527832269449,6.58552613730954,75.4066792672386,52.5319550213839,15.7602507927714,4.52241290440436,33.559197874366,202.992894628939,542.978505468996,201.413579332143,143.620172067571,237.744889334577,199.542464001185,826.15273832074,5021.03911811694,414.633589242925,334.829561241448,180.833015063604,33.3269948410863,307.163883832058,87.6262215508494,701.977474400589,87.5038430679358,163.509104870687,300.305048514932,539.106654054793,5776.65684837308,421.56626398244,2660.10686056741,575.731812579105,342.334022042511,808.674729430613,508.949628024235,1078.44406834401,1378.47031600134,545.119133357838,26.8323118891126,6.43676320528695,3807.9578380993,2702.74382743752,2.78882149558613
"bin_m15.mxb29",1318.88583004985,2364.58542205057,761.491232004086,1898.37756641631,12806.7512894624,2896.63755346659,775.644116890417,539.994843003571,356.188210427674,447.118501661656,599.743892899301,619.909973922542,3428.73632157415,1373.04003164257,1453.90154723406,822.536640341735,908.01801999485,1001.97378939301,1128.89890255764,362.332898484256,1867.04030132097,809.363140433635,696.732883484389,231.090213100205,1675.71438083462,665.345899509735,412.166016939004,765.266445759467,441.881072499433,31829.4068581798,19375.0034446122,5237.18425606744,29680.627827776,7912.22226795656,4192.30770563036,598.27746929902,552.6917204218,480.141723962852,396.044768727028,778.387376798697,804.468515272651,293.553117597683,723.345260286015,528.233818716137,563.899929770768,864.565747036663,446.158741962962,800.771397877947,312.591250959281,204.661144512903,371.687789659296,756.181692195801,1411.88747850841,2646.84187843161,996.723353256225,873.943642082185,550.691940586151,860.109116894807,487.804416467155,764.979084490554,478.765426203335,377.594306341429,648.50222045968,568.121643493528,4570.44787470243,976.020005210456,2302.21498260247,2839.17923633951,610.61129711802,811.261366965917,9527.85656364241,372.300385583393,624.766333815276,856.785638761107,344.915760283655,235.512263540622,906.00489072071,375.762544738042,900.476779829399,681.490946825487,587.729797120788,540.687693293988,924.751830393939,297.495106190853,74.5513191108021,309.100057566902,145.890514468228,228.528026396659,580.671886300369,276.890787726269,622.257656929441,371.024704554311,343.865095520477,6089.05354702347,1694.83150594074,3464.30475787969,3432.06842251044,9612.9266112699,3432.92493492962,3100.90295014875,1024.34733023912,7326.92271428383,14089.2527210512,8948.36324047854,445.821922828686,512.008922479188,680.919437828865,953.935616940239,641.022296817322,655.409012111239,799.499909592227,290.508398041934,109.887262851317,314.929239955209,380.143071723716,133.859289028245,462.216577415621,554.620925972521,306.111778300254,546.121650095929,419.088856190203,252.542713793027,969.284401638458,3.21300621718425,415.038861534387,669.932635324098,2912.40910167946
"bin_m15.mxb64_sub",2095.72136902584,2014.45164404988,2694.55667646491,2633.84939718491,1261.7784997165,2690.82980193185,926.926688550966,1076.66590616639,1388.56143075309,1829.05636353446,1262.49380321505,1513.18163832641,1728.35073868946,28529.472719191,30685.988121019,1196.92846992804,18393.2272917764,5482.80768581859,2395.95889653805,3285.39794945412,4568.43099377812,3169.90730572702,3598.49950570305,6220.85339261752,1013.74181612995,2793.16742416849,4295.50192405149,10632.5340090672,2388.27958913259,1386.78305361238,1368.95302618327,2094.71520449992,1493.55532498155,3432.36474832454,27233.0094576856,1050.4671240453,1546.7680996925,1609.69152886503,2200.54441981627,420.482623661446,765.927633691484,1422.19613931757,718.157784114796,1733.26421049193,850.691937106273,1206.27689148609,1805.41607478829,829.233534617398,2157.59709482331,2426.65613431482,1073.05748581484,793.331237921288,405.170262455732,1888.47188514671,1903.75858219632,1307.14205833599,513.367798809973,555.77770224122,1273.03528064825,1261.34944818809,1386.51840928639,1409.68587067157,667.398199160385,1011.64685953353,2074.92592044944,1780.4830228269,3341.08331924681,1876.93956566411,1778.64840256123,1532.98138339631,1784.05251486356,2907.70819701322,433.459280777977,249.034052423046,2211.37090929474,1920.73175753164,586.230379299714,3061.31362404929,62814.4612442946,420.061658485779,1747.68888148679,1636.86714766682,2052.98604332133,3223.62334327504,4447.13693654546,2500.80249611109,2450.92909979624,2608.83778014851,1235.26398511243,2789.83652467603,1261.28869638141,1988.86447439372,1930.41168692072,997.799605661487,1602.3293606598,1495.02367333694,1616.43310256327,1028.36061114342,482.817688145909,1131.19742107292,801.736328311213,2110.22545700324,1296.55553202468,1391.03839320204,1904.83106214978,1021.36398172756,588.489256126403,1158.9623685595,447.422574554174,896.02343292663,480.812589046549,3265.1476305491,532.259590990168,2349.0805884645,1129.72162693869,2880.72849110219,1354.88833874659,1075.06182806928,2266.98898700596,1132.92908343434,1950.15104424726,3457.76459683953,4041.27960380092,19.8446233083366,1907.51212729325,3110.28708493084,1411.8745611428
"bin_m15.mxb73_sub",895.223790486005,853.340996878188,983.839649291033,946.728375153148,636.989236514137,1245.72344129856,853.663923275663,659.941559485949,908.711349584898,1389.24072835042,907.505019216419,989.011281300805,812.808770917266,1399.86194531034,7518.68772915573,608.698810778395,6909.61943020189,4093.85150818524,2631.67523410096,1691.95254552008,3927.56247804395,2067.84991547304,3224.12326268746,5384.56278365628,1768.90816320786,1643.12745365972,2384.79479643126,4147.55076265669,888.557050545735,1116.57041992596,941.793741526628,925.008866494719,11659.9697231969,8926.83817972103,6065.10210628719,573.530350724141,903.72299368249,853.716094007904,1451.65165459525,373.165939052336,928.667173034989,541.442883726532,274.118041514764,727.046441773525,653.669926933807,777.9183556127,1036.24767091359,332.557474745391,747.565463359535,1345.20223907168,553.786715333744,382.521180893743,583.20540812867,1052.65428527693,840.07107831732,1119.98278667653,390.961965586287,519.383499650071,1129.59219963396,477.602943729127,763.755996206465,909.084876026823,436.222747025075,1234.42421377142,4092.22061587482,2856.09932200089,5542.44708406958,3460.86837822972,2729.26007330057,815.042741818927,692.166386517673,718.040154597258,318.218334932111,364.461537315794,1366.90129703753,1194.5593567301,284.689732363289,1164.63902441443,1490.86192237354,408.269757572233,699.27319241075,587.809231438155,659.389235404531,899.444506949669,1120.56288961169,814.061388073967,833.974280284654,1349.30813769743,573.193276162718,1164.7646546507,652.829161191602,1073.3425254687,977.687454293536,875.816092408161,993.346692479603,975.77570509668,1191.96752765902,794.697298063978,519.095982557421,830.799479401417,458.071658422561,929.85862022822,749.922125130453,768.54174579439,848.456918919472,606.080848873701,394.858038250373,748.846189312367,428.433165780263,470.914340670714,346.267089255794,853.405314850277,250.810770020012,624.64829117107,506.69897947022,632.765471592009,693.350487277391,461.962121186689,818.075416005168,535.132658256482,637.301558411277,944.60165051685,2277.92276919532,4.70466432262632,704.112966024621,899.144342477541,718.9056456165
"bin_m15.vmb109",2528.31514233204,831.066310114328,3338.13446698666,485.477804638721,133.305312761284,1462.17193803668,2222.37335326263,1207.39962041384,5182.20060726806,10085.3028966159,435.428196103396,2956.35565565497,107.036261869383,7629.73128473559,7749.32111626388,236.80784326635,9856.88756124232,28489.6078320948,17816.4899287516,21616.9593005453,43366.2958266474,15958.724084689,11021.202942028,38464.0113699236,2331.75673129265,10066.6830168873,9185.56361539565,9511.25499103405,135.06059113475,1689.21669820395,1903.69955024036,10896.5976897391,4075.03910409968,10272.8333410121,2149.98343613941,214.870020055109,1663.26532333294,3250.11554414072,295.456551680242,25.5508407608039,146.552258414181,1048.68680986315,8.72740304609145,165.668374919628,92.7312147875758,103.979188421387,869.746034764158,23.3088206716669,502.774425275927,2115.55915408947,223.467694248193,24.3731241581627,45.2582235983316,330.273324484085,277.272231238876,411.039953947084,22.2229638490078,301.65386578175,290.407128541539,1428.91770781405,4888.85700110655,346.148134443768,566.894553224363,351.566157240825,3273.46621110156,10675.1480950166,9982.98343862554,3256.15287778238,99.0992761844918,181.387515570335,2888.53873383866,217.594959958857,14.4583472280151,26.2412243192394,252.109861119749,1014.86958367428,46.2877478425539,1283.49473442263,9622.11566546991,33.1383600843117,121.846009543977,357.284338717651,805.080475015554,988.852048070355,953.345832788744,877.619065716839,420.506505611517,514.029068779225,684.993945850914,3666.49166114102,126.360956190863,217.086549988073,476.767368050581,1546.1857402197,1068.07910910727,7332.3803603686,2830.97128610878,814.338863102928,218.62820432559,1073.90932469292,18.1598458136236,4261.198007166,2791.75195686346,2843.27550330729,6763.16901742698,208.00649310372,96.4283322764014,607.788990122104,18.7905550086934,44.1788364297103,327.064057931366,244.755600679531,27.4908149714205,141.911425437935,89.0124343880202,168.762420626467,236.244445340914,184.544147739257,266.788518646304,480.764120594809,150.49468986454,160.052642472453,8634.23873634785,5.74344201159853,104.593829737602,303.09708773897,189.84919917502
"bin_m15.vmb121",62.8429964649436,674.015947217773,146.581107367031,36.5145299947075,337.154507289386,51.1019849312293,234.839660199657,212.281252846207,155.68727875723,130.216361488172,145.02588008611,205.263431244911,947.333464000632,1240.38434161248,1227.69996796753,64.4675167212451,3421.76483480763,736.821324449994,2800.03144381096,1675.18760620785,294.865145251422,2296.8494022512,1628.70387161151,39.4382214745278,199.957184264631,745.047727898638,115.721578103375,460.765632338417,216.225659120978,187.369963768825,187.510149801943,296.633738454039,112.894542058438,199.283892109171,274.007403565193,150.205693148813,174.785977906173,107.197410340823,67.0923577825502,165.847494602658,274.723146235234,66.121584810867,139.91767504689,122.719013681995,163.274040534,263.722187758222,168.175706605447,190.880353769789,118.838808387882,97.7203885147427,87.3701780967853,132.446151510832,159.676126579421,155.565101725233,180.233849526176,170.475730726589,690.571623043525,404.759000104734,503.689178094103,146.871110470653,341.407933153815,123.053679976558,2966.54284806438,960.257795711289,162.041382793298,99.7367793752157,238.476885869613,147.907914569424,201.454575054197,80.1501696295639,1008.22810108738,73.3233637239653,209.715079745684,208.369994643105,200.209636904442,73.5856726670445,150.183650893716,153.373211991619,725.423029619114,230.300646675637,1757.985966065,142.85783053572,491.653694122209,119.337118484441,29.7002653947775,125.988821183422,98.7234840695567,46.7840450046212,177.21681510389,131.428464557349,186.146799429086,99.2144443289969,146.370986874752,165.874252184986,218.658071856003,295.436682374548,63.6170538123584,179.921704764554,140.901086802504,436.764145879251,172.478119615268,443.916788255891,459.086465598672,220.847028965096,1069.61316614836,98.5777207160874,212.85033926779,332.397237290372,271.590468445124,186.430050390432,169.763879240431,28.9121118488711,54.615727156394,141.28253084074,77.4180782184887,39.1621038684667,145.842677272722,129.233785440729,82.3111503745674,361.208808287556,196.684880308169,148.367269987821,411.699100209201,0.378512507816827,368.862802829613,442.291849119485,1.4759645586351
"bin_m15.vmb122",230.296722023516,35.6157511231377,36.7004577712919,37.5315401051487,416.080811705632,4809.28138311478,98.235745470367,101.07281356903,102.659659132308,110.146370827604,85.4414724482597,57.9606560867303,3610.57308722116,3420.79005903564,2756.73602475023,537.472935603005,7520.69282532459,9.18018728498036,5.66550415148222,60.2566077077178,101.587717193695,7.29981163908172,117.428487148425,55.5525273540587,69.1359980120407,221.856895721203,98.4660687296434,2411.74784515799,11.7030362399219,2565.674744248,12475.8028377262,3893.48314309691,2107.70280419846,1686.28216961733,596.401981942653,52.8349010332554,87.6477439983345,150.133052877586,94.5754128880275,247.801092254962,260.88898472924,87.2514248399651,43.824252751903,61.8333308495914,94.5972548899189,23.1744926769697,131.177463847211,88.5772062025789,121.730158207206,146.32470021016,51.3932010829982,26.7324072964557,57.231191712671,173.830860855417,34.0486123887125,259.34573416503,144.686840483693,255.820839017167,4834.56332861593,240.723208117123,68.3643870685793,8645.15264799204,7655.2685921855,8506.39436192894,21621.1877722674,24532.9226553951,1239.58190021725,2205.03410316138,1568.70175092677,54.7519152290925,35.0375148115247,44.3832002793406,144.677368018629,65.1958614581184,46.2939126859577,209.080972275527,10.0813790854723,151.45182786774,7529.61200337086,82.6492178292304,318.315495916818,31.7027397703872,162.181660216337,149.836997309183,31.9592611261809,5.53508471647994,43.0794440516754,115.655732850471,45.9110019678211,231.339123614657,65.2085317238793,58.3731996092265,163.913216225399,12114.5001156318,26352.8787237504,58.7154760423219,5351.18117986579,5005.72264063345,8624.26940274979,232.839578682839,81.0769817346136,145.450638372577,35.8087939447121,36.6858778519599,26.5722664441356,164.017442665631,78.3738040261353,255.486548151041,48.7826459073476,88.5038926100061,62.1283154467138,35.0632451486823,51.8244954837602,25.2730402089885,147.061565959704,34.1670490027885,60.7294308557772,32.6194314477784,26.359584529233,198.608862881258,29.4514680401759,21.6277259965025,111.969889294078,2.60214403688536,39.9011693963286,146.636725049912,2.6952308801331
"bin_m15.vmb155",106.955843241285,271.569084452571,82.3343686045635,82.9323391351931,330.561001578253,83.4286333097909,298.405532942991,897.789386549955,204.971482228355,5876.31053519567,1313.24278721038,8256.56883642297,62.9973871537254,97.5199649474482,387.273243317198,134.256362437234,6704.37005937307,9704.95496581213,39995.0435051477,35451.6026433431,7341.39565358069,3021.16724579698,1471.16794376325,2074.43845981925,18128.6832777655,3083.33012333301,16499.5135038276,10498.4887466229,357.686397312475,222.75424374555,119.846387082041,1611.73077574065,90.2340714707586,217.769000062913,300.669681279393,20721.6125745655,38037.6067669228,21194.0405058501,6196.94907513466,1599.51266600531,482.775754934196,1095.2197627336,406.288992762054,6058.91073174394,152.821278866701,208.282160584326,289.967996005633,315.47730278405,237.362142673737,17268.6047059224,257.10953336569,16567.6794880302,440.11356217454,324.809689696141,118.101998574057,470.765025449842,130.513435125779,515.589296528238,257.741979517614,293.934189221595,197.547905970355,157.100021902875,309.751184171752,232.63212774532,19815.0703306741,56398.0866951038,32597.309899602,8489.04802879444,1637.47799566101,180.327407269465,2516.58639370724,161.346030638548,481.733899793764,652.042852981456,214.438470911108,97.4220971030313,517.513997051191,384.171994267439,760.671198337398,313.26763103014,250.461089117387,482.83808312536,4436.51300708889,4302.03431294997,47.4205777972373,258.360093280327,350.248588020976,96.7744410040453,6760.51670209976,624.409190086458,293.144006274817,195.580079046866,1171.31174441472,252.30861633126,388.715880761542,18567.9296248455,69.1733872552249,1138.8185885348,549.4403222698,393.01812351104,188.973141583021,2315.78336166134,433.196251241157,153.372036286268,66.5609486069374,251.508771360919,628.05150503639,12903.2234514365,235.230946026928,248.687763744986,4939.9944038208,52.0214547192169,37.1691779307574,86.0102975183162,177.729929832266,31.5933421060831,566.779324416794,536.746464506269,34828.221119003,549.779251341001,461.504748730795,225.286903825545,8462.28486956533,1.46125818997114,266.316801726827,502.048917550535,0.534187755078857
"bin_m15.vmb17",1716.60614496296,7373.88580209206,410.610451461087,63.8599348317375,8495.23900023764,181.102324040159,369.80115681157,311.396609339135,219.928622397839,192.054480813326,2427.84500010549,5331.03873426709,99.0329280085416,494.368703662085,8758.24257499085,345.996026808104,4866.54159320197,51.6229253665508,151.252607984909,50.7813030856548,92.832624612882,99.062606465263,155.163579106186,27.4366582676197,177.946174421119,74.1708762654136,67.1974743285408,905.43963428081,271.69262326798,8127.57924181003,9836.24757898086,5605.38482021863,86.8065456912366,286.001085682633,129.02936897053,901.155824360677,395.525838350109,272.845879508113,226.9426911726,1536.47291608528,282.303485863344,1142.52316487044,305.477678896769,480.408650575776,314.596661297825,1087.33218274311,393.085401929855,117.042854269773,167.216771156083,75.4240327881829,946.78755627461,2081.22020763401,284.391104745221,178.695689712434,102.591705251549,226.128568272434,77.9844879090602,324.916328491627,974.898947071058,144.859438443183,143.356588688917,647.073400809907,527.409954688327,630.266465639742,117.468944556464,53.8167822844694,63.1996473459652,204.557932447333,155.671630707549,116.103675682895,286.519076208295,30.6928850287041,315.857577176949,451.864933524793,162.765172349353,107.791279410577,196.363688492725,113.348130998509,7025.86803228617,2137.35472719348,1406.05183807767,107.409747437014,254.826524155774,116.414951120139,32.2623483687603,1382.60204505545,68.2568915647362,43.3876912079763,1074.03348280426,173.698843338015,1296.65107550751,1357.08310963448,322.989510040119,787.465261282847,1056.05485176094,231.703312469763,230.226704726308,978.292563568062,2475.11553966089,440.734156284455,121.821428707657,103.252344079955,2840.96094118522,994.920582593897,318.056021878118,116.141590877074,199.91173103927,267.941718751223,629.996883787299,473.343933641197,1942.37004440656,32.4853629161384,24.2738442008903,50.9339191819476,72.8462724983503,15.9410478859339,212.849382891031,95.7993953884114,51.2769381272455,229.14009745695,113.15562770779,66.8525381174947,130.790020367857,1.56463367071965,130.741291638255,250.52628935449,1.98285851642912
"bin_m15.vmb172",214.354853043475,351.324115065442,96.2829799376958,536.644672566901,2370.47336607373,35.1837139169765,8462.86859585176,1001.49581075118,1874.79872697167,426.612143243565,4748.97769362578,734.791415218157,3997.29571535454,23494.1877348189,15338.2611727535,1270.83155396639,2778.31776408185,1494.39112043002,4158.00990421336,364.906631727378,184.167414468247,1467.75518083908,1632.37444491138,874.801659124722,1502.86946100626,801.598507248922,602.596668593551,1499.9245181765,2668.29977685427,2707.01641654098,151.410205229909,1496.46199348803,41692.6725921058,2465.73449215632,3178.51958858412,2505.11564663528,3165.10275597417,135.336401734968,103.954273600242,411.511230338912,1294.09860919336,422.585992841165,2250.61220129663,318.543658856923,505.129241457914,335.441063600725,1637.76247502599,13789.8974186181,7022.40444632059,1967.90922712955,2720.95593726617,19478.5492725434,1291.1989019967,471.073578711381,165.328008632097,1093.20850894302,15434.3690286913,1104.94656568094,1278.20149233732,61976.214148935,1665.65174333459,646.436786414212,1689.96042240789,1184.65245651304,596.678787268319,214.801054318186,289.550601782821,864.204730943738,790.916601209973,1286.06378453462,1079.71653737724,274.527790297258,1259.04304241739,460.555676095075,332.522787208695,570.417522945231,1876.47275733595,494.854442743454,775.113777186125,278.799502917662,541.441599769438,585.333170311617,263.772549300394,263.415045432538,64.1635072232788,968.074189517068,161.092661463802,279.783613116444,10499.6150027174,2212.34584266105,1696.75280042291,273.536400248138,528.131673759857,2353.77253082043,202.190878379704,209.854807412626,2720.5967750256,7188.96929884691,15936.9847188024,484.476814326984,923.437897558777,567.425202573292,289.019291671875,3215.74624427821,158.831055284942,22442.6735384004,21939.1526819706,20644.4609040835,8413.95287502894,209.079350346226,6833.18814925904,205.016801056672,27.117767146581,68.8492879566055,432.993952724775,214.891568586909,1101.30454006817,2004.62665318086,438.477558442515,1221.45957032517,1010.81960635366,427.515855689421,2452.27318092599,14.2555922416357,321.119531372557,843.535856752171,9.41641355995286
"bin_m16.mtb139",188.051649404304,547.187168113406,140.636344087461,128.655813979229,673.285967503636,166.226495831845,3265.35932744556,4066.86572884111,1470.23465085228,2201.26772667353,1133.74668759776,1131.83276615854,467.938310255408,191.676121186327,322.483715599811,227.240746952904,3048.55169888965,296.235632424439,778.984112399917,245.399582574584,265.82445642396,583.361652684772,661.859621335438,126.221118536192,1051.67090382903,449.613774553088,1055.65739564934,588.741008785517,378.794673275229,673.94336689216,740.519105022129,813.195705428133,589.772442089338,2392.98679441954,1717.42906124242,6238.30213138751,4821.63009554878,8276.77399064532,6134.46708007604,1575.64598527415,4545.9349751254,435.032506726506,3531.30393221075,4718.03120111757,386.761833976992,3227.90782339241,1723.46651371794,3572.4138103496,1334.94844249001,1335.4810340542,300.930768592942,599.228268519846,632.281337697342,332.848732961165,178.392336914971,458.137080063431,331.520408304951,889.186343464969,420.452553467065,521.946772023357,724.601991975019,427.486145641899,694.639996501024,1191.55210716847,382.208360486085,1013.00747608236,3602.18786624693,2274.2833084985,2657.42103376927,269.847314582761,2243.55150029445,157.330634726897,501.640560368456,635.836448739823,226.703934852258,267.898062023744,918.085873781982,253.780504528738,458.353097103708,889.330447273484,309.139564688601,483.199469517002,726.047550758886,303.80755316513,99.6673136725971,413.999746617889,384.294042085716,129.147249268979,513.642263365983,246.669635472112,1385.10196257366,1541.86719271548,918.906587441732,484.199736326139,512.42530057562,359.353607676529,125.634790580628,527.043574829788,354.347772007307,791.175154298635,817.628193589621,1088.19400172655,2037.72384381445,761.762587887768,1095.5571295326,490.739278535905,689.812308341878,1248.25616028048,908.789382625664,589.110115984192,979.177268801144,93.9614883548942,128.859921661033,159.931721121816,265.963633245339,54.2197966035578,378.283110568008,491.42798006405,213.557090206452,752.047693113738,547.925134931306,198.53905699527,716.966802485187,2.55078491986806,313.919615944519,582.922498085214,1.64977719074069
"bin_m16.mtb186",3380.2311946265,9522.69353119371,2724.28467621373,14257.3493683067,2262.90469816134,9611.635390324,77.9039038289237,16494.7969275334,5831.76177627889,6757.33931797117,1413.37892930715,55.0729578938144,13.5878024118872,1.59539457096362,3.68672514377496,4.91413178428277,146.572774746581,26.8090534860035,37.3368755314269,33.5703965634051,120.44952343278,45.4018558930743,147.833653704875,13.4669232697885,18.8000276909924,70.2580418823831,18.8846458502258,65.2179533890361,3.22994217233698,13.9508750965881,12.0957278570417,14.5941329627289,14.8508383153945,23.4871798620148,15.8607750861895,433.892419117608,14.7503491289031,15.4564582090215,11619.5853261065,9947.84761104616,245.476529774312,4084.45678435852,1429.94714940451,953.693577272306,1356.68732723153,4732.85199294472,2094.71425504798,5235.54204800544,15806.892671788,11127.5815143119,7002.57318186062,7254.09129243556,27.2941852914723,2843.26067117366,195.187995676426,170.590865635845,18.1732427660974,168.44839256181,258.483752859225,8064.04854534358,149.309792137743,122.398835243097,98.0502756081873,45.2933235113309,97.448543864765,61.5070794868645,58.2084136826882,20.1242527898984,75.6049686132465,64.224491945405,14675.058569526,70.672235680602,97.9660498454796,187.544805719697,95.4929415447911,10.4418585572836,1.55971235538103,13.2851809190408,104.249421972131,18.0251806921075,22.4390984661344,24.4429322775728,155.299281843364,123.343421100638,5.66368586093841,9.80904437184961,114.264238547451,8.57403336589808,2865.93101520546,103.331254566598,4848.7102621894,427.324422707824,140.891549814681,2795.06160594223,25108.9225841096,12.420361390722,5738.44910381903,2526.91961891275,6655.92429723143,917.643681566055,4294.45400938903,1155.68531496394,9126.377299957,6077.37291141174,6791.89801853156,3333.48401261577,20180.3166123581,7440.25293841764,7140.13322774663,5417.86004709828,59.4639327594937,362.254904368406,3841.09050389622,187.742043301923,743.325325805555,871.023712693179,46.2981821746993,34.1735265627454,82.7477263159168,187.216103644217,9.64068115706755,2984.83240774773,2.845530533785,2.11356302492025,191.98173832129,99.2089479022637,1.40481612508331
"bin_m16.mtb222",81.2447318491838,97.8770655311362,53.2050958528219,437.75170100373,350.255220161542,56.0416010932346,168.599324294081,56.3329632144062,169.88250572005,119.12673788614,142.418623123935,47.9573781000471,41.7767135484522,46.3304824086894,31.6022762726269,77.4626398812766,141.453020116085,314.536239290499,83.0699084633255,729.50948306158,140.266123600348,67.9431951199706,144.646952708487,8447.90714158162,3662.27665676274,7803.66074708824,8735.81515651577,6732.45325639806,424.538978114787,1943.53420228113,2949.40787005114,770.305606023221,998.580599647013,289.374817532863,642.116402437541,620.977108723288,164.986633190981,599.194968440325,123.646872140966,37.3655331631582,399.410240224735,2169.65796601958,71.0784704514882,271.42211310865,735.427154389966,134.06654472038,695.314145487194,927.679700341616,487.36296997029,15401.9921805578,6510.59684468595,8289.93429351467,80.4537833198524,234.515105806862,47.1833501973494,283.445910973856,142.257996303986,294.64429710159,309.940268995289,4542.69974244175,2062.58586420754,4009.00347329038,4270.2786055737,1620.90471709836,688.251390040729,14596.2908431795,2122.44544878989,90.00171366585,71.6816967748571,1469.65863632422,5323.5319056882,60.0900098952699,607.322786596792,422.835316015737,109.217633745015,17.8451670970629,2.87475273311282,19.055726320907,127.008106410782,33.6582775974231,20.9223718880109,45.5393305523229,187.462871702452,134.209036790931,20.8345761596644,19.1853750709885,181.397940772733,48.0842366238653,4477.28247871916,774.716214053004,921.497608499544,111.469260631206,7249.940262778,2088.75662791649,177.275479223412,32.9401112738028,2054.41989418911,1001.52255309708,129.589345974278,4794.89712594962,274.940011960879,4269.21667151909,689.402447865453,1268.11191392721,251.984947392639,4715.66766700915,2134.73301107793,1814.97335951417,2114.00010347377,3107.8213629638,6411.24610676344,306.510073979503,275.463396901923,16.6920502580641,1124.5443581068,15.881220425886,85.4557529312921,87.7968566617807,64.905325373389,219.216893754317,41.0345635518268,1783.82608126999,3307.87290730215,1.60405887476753,825.822550882849,499.734256889813,72.0423193302289
"bin_m16.mtb225",4101.34285585205,338.069187772631,236.772405561393,3947.32407260041,470.415386818753,1543.02643292066,2041.67919483247,283.038139230537,1628.37699734721,1962.34329853056,6005.185542737,7207.97601352538,138.981382328918,72.2701977029423,236.042599215712,187.842547597971,176.738216574703,41.7237657243302,97.2644807079109,106.476095564382,88.5999751256165,102.133532915678,57.7599803984739,112.226160297317,44.1468690202397,225.174124905685,59.5122205012202,226.882310322117,121.350697958542,146.205771222318,117.01909333819,132.334148961065,88.8321048219441,269.611205766254,124.723690683811,1486.03108294355,355.274092499056,343.782661341869,41465.3700068181,39772.9072256746,189.811054416821,421.477848987505,64.3546009036917,1027.18784204477,186.826154849495,3184.95547706378,2021.77688370723,79.9668781553227,103.457521766633,890.256241275291,11028.2237829545,2987.7185645935,65.139674939796,59.6123188886534,49.532255924303,64.7570217743374,85.4517592750006,59.4733075258305,407.731454523996,1517.15544791123,129.050987989727,1126.22501411898,228.043779167037,3484.11926809589,301.855184064821,556.892508382597,82.8372785549889,337.452605897766,143.498952049916,118.090280751103,156.15998866269,50.0632389821852,140.916959439638,37.2664686956165,168.453868481486,63.1944686486007,3.64317419994929,15.7436593582379,400.005734736719,138.537816874296,18.9902965863595,64.2567361416242,26.2039336437503,71.1138547930129,32.0806813430099,1100.3914075612,786.361613932321,7.29770210886021,1519.94945295083,55.6771085390358,304.392631138417,973.360364179754,54.8932133176288,25.4172657854698,17.8774432659141,18.4353790010518,62.9862585858092,100.732886534741,3378.99940928691,112.297874130005,22.5434448122654,100.084525941336,344.415149665155,625.898043153924,1704.09234617351,100.83154479633,103.036194586891,75.4249116067259,2240.55721348899,1690.86644474333,208.756490066365,22.1800164818012,25.189767111053,12.5083549917639,138.060439589434,8.51870035341596,101.238245003885,74.9720843063855,90.2064034521837,58.9403194706806,30.823935604007,80.4796061628665,51.708518122544,1.0732299809043,74.0684517816485,55.5333773463938,209.351264100614
"bin_m16.mtb29",14937.2365128866,7442.97117610656,6435.50476524664,16967.3457890653,7734.0358806747,84219.8649650767,689.974661366435,1998.66629874343,15355.2422650611,21617.4626437673,6081.18784751607,13860.5234792048,6102.59432785308,32327.0558668611,17256.0831687861,70.6513300723135,131.769261477108,284.771369376211,120.138476008392,17472.7413193826,244.088762468986,115.910243942417,176.398493526954,330.727434038821,102.452650023459,249.787811313748,285.643559627361,137.353159660932,69.7379733221621,1061.68583047378,1080.90843049668,9945.02914786902,2457.08567133445,2569.51317002858,910.647567017124,22120.0179201141,8012.55747428461,28584.9336624755,30444.8536718444,549.5538845345,2128.23995631046,10180.996392613,586.861232291549,14523.6782667856,14473.5343609332,8544.30354662288,72.4595544225607,13.5188975419505,2654.27188780906,70.2573546511683,41.0653318928973,4.55178229776336,120.586103385196,48.5446110547052,34.1977648321421,71.6097319842786,33.1444810481696,72.2202607291342,599.861855842195,420.486542171788,1008.37542636714,934.709849794252,375.985877676227,150.245365353131,2227.95867191227,2168.02652781201,13515.3161140087,166.263176200147,89.7757852450233,28.6251565897599,213.989739227031,45.2091074765865,20.976988567634,15.3381895293531,23.7239637168073,73.5015854702665,15.9886911855244,79.1131484420479,179.428090243218,79.6630380057592,127.571785014344,38.6980036678892,84.1195592577247,68.2620709225339,53.8597221465714,65.2792646850374,35.1511754416361,3230.29351101042,1136.61034326644,5432.39682835579,1606.57526790977,3464.26850803996,2402.32548337487,2004.0922405701,1528.19483363982,2072.779030654,1021.63426944509,2263.17222704816,3160.41628275188,340.753890631822,27.0270622290042,606.605567002487,402.892131225646,353.694430401793,1449.11029906174,4107.1321102654,7.95029581812896,362.421391988314,196.256531213523,750.439105062047,1115.50560144897,13564.0849611107,3473.07852151921,21409.0080321684,4553.78962038274,3360.59757136229,99.9187145757266,83.7399156651525,85.7276463665513,97.1354929500156,61.0587248181567,55.2389647741201,114.173345361859,20.6028688694881,44.0005799877266,85.0146668431206,31.4874852089206
"bin_m16.mtb39",4.45698781835798,5.52604705963523,2.79384605552447,9.9609138097787,6.3577043017512,4.70084785396172,54.8149883143681,110.967389824546,47.8965712898267,65.4027163247124,45.1190647286109,73.9800615274269,171.181683842577,75.2815978004683,46.747797885221,201.514983136454,571.950839139989,983.941452946714,889.200813454072,482.995859061991,532.239511419658,43491.7543481631,33135.459367385,200.687773849378,887.725763239352,467.829376378587,273.330528936994,217.583059599005,66.4592817225376,681.908571012146,1295.29535086531,391.727620989983,487.38042270139,118.955145673102,356.238349081337,56124.939598517,51344.3649913759,32058.4676306723,24185.1034522951,33909.3490323973,85852.6974221978,44755.252837233,48161.2365948448,55391.5316655763,79227.7935282106,80435.8513364463,44527.1558766533,35826.2951371655,10300.9216255562,19197.1653256477,58841.7094640255,88082.4661723299,1691.74601084727,1402.67866412033,1445.15444421731,1976.92090754695,2150.90528587895,1713.24855109206,2.87117218004515,2.91904141105403,2.255189355241,1.32026057479715,4.65648227569505,91.3915108133321,645.886581442262,319.977288785707,335.761800704567,422.784907118841,898.848200484831,952.289530659647,2.94879686805038,553.430549693448,1037.47697399172,1276.76089622611,2078.34361614937,468.019629210396,318.374613412608,595.045989771631,435.376637860234,965.366548406672,150.818520988239,248.379431984484,731.68935468858,687.230096866077,16.0019847892594,0.223602714712827,36.9240236667265,1.62874950230894,34982.4923978018,360.635865786892,4.06084332558317,0.395658079678693,475.11390179566,1.56802804311063,13.3292515553896,1.58393937448064,5.91548959034071,3.13341225781109,1.80536830039925,16.9135213801375,1221.97930334587,11.8737687905987,21.7233875306669,2.10136027506338,27.4767065831503,49.9550642645327,70.0839634278916,52.2633239076701,69.7520280865063,105.008285033106,48.1842860659444,60.032003560141,115.058910196208,126.96035279134,91.6477583931489,143.733632896734,1105.91511770921,967.655443788948,769.352798054629,1120.85241513592,411.490605312508,33.0335111042231,458.166493119538,35.9158990956795,103.563627885749,62.9822298287227,21.1355615939532
"bin_m16.mtb79",3891.69173991181,4510.71125886378,30161.5175631523,21592.8924270734,4773.45644706319,5439.4127768047,286.57458221686,302.793136335834,447.11712845595,646.897646394178,401.317105158896,258.00148245799,276.232923043741,663.033736199537,245.649880767583,797.524264194539,476.179022035587,242.4842156246,89.9220937206064,292.423841677119,93.7990030569695,61.3106321066902,97.721408688473,127.946531896308,187.576680778127,478.016148259875,142.645062690223,439.034062529938,85.6737119743323,221.040006540485,366.9746010869,333.145283123484,259.721128903605,450.428102554808,219.455017883966,12045.3347705822,33768.1737512561,50664.4471894792,28467.1548043267,520.190238184978,1895.1923965018,345.817175612061,162.408142259908,303.986853532593,8970.425410755,1048.36593928319,228.593594321499,254.390640225818,326.980225365418,289.869159256592,223.707134117808,108.656122803472,445.748480249333,836.070537006754,329.467088271511,994.442425996576,993.34770426489,936.732243350108,450.69331846496,186.862634514678,203.423742760573,501.448013854543,108.603509603233,5947.88121740607,612.404321883336,300.377457959974,605.022446196236,285.206756566114,217.651081815023,201.191166878373,2558.98916246908,258.012893279235,319.674548618711,231.875504626593,187.277238862706,484.041473037756,293.951292728793,267.290741591101,433.926717801463,519.952052457149,477.502625218613,334.493210067538,495.237856970059,327.305640736433,184.295806412264,68.8104006594188,401.090617224242,2273.02913222266,2487.55702519864,4848.48801334647,5705.27365501201,9720.68399446515,1641.47609932427,155.017531888311,2124.79572320984,6407.10780403733,368.000269149261,446.943381349547,4097.61054709762,4710.90600662512,232.609094787203,21209.8840305483,4469.42673511384,4714.1859716618,41528.7571660108,283.954221367437,119.858598255495,557.548517187354,205.054934725904,235.795508997743,200.67963726463,158.573618170529,104.470838208567,122.862683288414,274.204706463409,126.800022428684,310.149547330893,129.288474327744,275.625960951897,224.01847580174,154.95831856957,107.115193832829,116.616503392848,1.24146463572586,236.659618380947,578.186220996124,20.7469022852356
"bin_m16.mxb25",90.0678602169255,186.81014027298,187.194532872524,268.29238349909,71.4790916226389,306.629850604396,3514.9226672503,285.043054080579,6575.43031118187,1430.70825937446,675.349666035216,106.412401707921,30.6186117521396,29.3301442222549,12.4320515905932,13.5556689410833,17.5854079408003,9.04317594678207,18.6524653537537,7.50052515254635,8.63299080099374,13.4224799088407,6.84522726758249,24.900225189021,26.7064219238211,52.1322864308764,26.9432127707627,52.6667171532289,27.3460930786995,26.0728354546099,24.328736707514,23.6205618090597,24.0236425763045,36.7712585662468,37.1321761047513,12767.3266198884,13182.5636151949,77310.5641711619,87.2719913414597,29.0041054313645,86.3719322076517,280.672705127415,2253.86743407028,28187.371032561,17982.4347415697,215.379334913592,10.2937083058682,38.201528261796,17.7522420576495,18.1138828775022,1531.13775682241,218.140570574323,54.8515614878388,65.4253669661483,34.2797917111591,119.559658348487,25.9159814862205,102.229260815445,425.357241047291,33.7527077443553,3890.59474209472,23.9187223751051,155.249507951749,542.655079993237,81.5351967624696,23.5537049862403,75.6061949628998,48.0683800837232,30.3973436675759,32.6168570157459,80.8605785332953,28.4108532061037,33.8392858112175,52.2318620129944,80.4825754444465,25.6520879841506,2.26673147758202,33.0948479006905,16.633952738245,46.6195466521256,42.8016271546667,10.4492221888956,1.61631677397589,4.80027738176177,3.50688682461742,3.13620861212737,43.3247139396043,34.0628212595906,114.72177116687,52.3609849465188,36.9908394777405,16.821691573931,102.189322361844,29.500037288625,71.6450148665952,17.3562723515625,34.0206450455067,26.0029434714473,26.1658063484625,209.485680500181,31.1311789277013,286.759675092273,48.689496581897,37.4233025023959,29.5325546637457,45.3515154563067,2063.03018244854,14143.7576854422,41.9381065269817,44.1847794587614,28.8942403122415,69.707238874456,27.7370863483152,39.0593690363081,168.859572507055,282.587484674766,23.5515235716336,16.2905278873763,31.2677411531569,12.0736096779854,521.646056175146,22.1023345153847,8.15020837310044,4.99142018757902,29.5726108406344,77.807062825037,16.5626474093994
"bin_m16.mxb27_sub",3530.63430782657,798.933216370795,220.701443185468,1316.41044008948,3327.06754398495,4648.32186638951,1876.44202606475,2517.91580344074,1372.09580103807,6534.39643414418,4606.70766330874,7058.41883358312,940.816731287651,616.461911895586,833.019242800692,307.068400224876,1105.4432557538,392.028438155541,1031.76245056984,1795.38275639778,272.228028066108,970.390326673858,979.84265931485,162.04021227032,2252.50604399147,1625.52352571214,736.130512620393,773.856050566497,12698.2231214927,3826.31079195704,7143.28771271189,5796.0450055156,1209.13542114317,362.585510955143,648.971362228324,19512.3601636947,7792.34724796127,13389.7219081761,20781.3907080677,3897.21843815838,10752.832435546,2188.57679629043,16665.1003654161,3475.29988319773,12175.3366201468,7851.59163439158,893.321471763934,1267.49124410042,744.906020268131,985.340251504654,461.39958339479,5957.51892423659,10456.5285019158,460.001421775031,403.336846424448,3066.56614220357,13520.5778890099,6417.03580389734,528.577916992269,844.947714425973,874.661377813096,361.209685485881,687.874143354057,553.541118055308,982.480961729893,3538.73329712035,1172.00531121244,2389.67516629838,2434.56079117548,8019.56082986491,599.380319049466,9922.00495231764,14860.0446155027,7441.4776599616,815.377624864866,369.477514344932,1253.51066334126,354.406868921261,1321.10582668421,962.085554326945,520.642628354654,555.34852608136,801.283569275362,317.970489870024,128.795605400195,456.514343389414,2304.72841946247,190.177137447028,3424.5332030033,396.236266377175,647.999402765433,6533.88191475899,2083.11121975393,824.658988912413,757.814170074682,696.030675478955,175.933182260422,960.684714422028,834.531185050417,559.712657002472,207387.228253558,523.449739123625,755.406144254422,460.266538056885,168.55331527742,819.274766582293,1782.07986209765,3262.03751556078,4664.62523994126,3625.50427126753,3820.29916381679,1844.91264420227,25094.5566680271,446.171977444558,11204.5264947998,149.287091502048,700.971653152273,785.897035820993,469.361731338132,973.099434864105,945.635924732745,12890.8709227686,1061.35625835043,18.2673868458628,17910.0578292115,13426.7229424306,26.4805432256551
"bin_m16.mxb47_sub",241.384450915783,501.070845864656,146.153295135922,221.059808988603,837.214956794767,198.302383348411,843.851064623089,976.197941109181,869.928358708861,1067.24901583437,841.497139977522,2736.97725226942,336.285153828624,221.622823810913,292.301508088459,415.336527610633,512.022124721074,592.622682961726,1630.57904912174,2208.36820224071,2052.87985693754,583.7578044539,885.168990973242,450.061060874808,1786.68791592186,3963.54679649169,421.348528422653,2205.23636401775,610.459555732349,762.509474746622,378.924419222911,662.103001424967,401.516358785902,359.841140531644,1547.87791089877,7662.03324275062,11368.8665729988,2649.89384565046,1993.8766053684,9328.23700968527,13766.6964426732,241.204043390328,1281.15996681732,362.547715523785,339.027426397514,573.050538417621,431.53098049872,867.581874470394,308.968137500746,386.178986961122,426.863592231365,3349.76844846948,946.243295163751,451.529998078058,236.571069200097,669.664443115834,458.556947002313,751.174064280167,388.436372155157,923.166141797162,602.438383573694,268.358937287871,488.731588548407,447.165701972592,673.750080239101,271.551751538256,913.053520931343,671.216362133184,572.393206515448,453.195073973156,375.09740447449,180.553486327017,936.115694689939,1000.91634568845,380.085914014333,314.734761031641,1392.12486618203,315.792700144213,297.716169722527,848.361164104276,395.185855798088,654.475692321364,873.722483837105,339.523910714836,124.787622934834,567.216882898198,254.206732069911,131.470983068573,1857.18679895527,298.798049488753,477.614500715964,380.577224539471,464.867169128134,438.444386113969,633.696050216967,1265.95946828862,137.386990346841,833.508411636936,812.533632746969,496.199530101079,667.200130466125,278.75991548526,846.905905178105,289.685366291398,119.932366469011,1764.69297628968,733.446505299645,1295.18160057423,7353.17901023624,741.370132497329,11984.4860844622,146.477272618622,118.220461887016,249.437207080157,365.497416225561,57.0506069603751,696.712177773995,1018.11111199506,213.500712719565,989.790319718223,838.398579317649,214.158834559257,6844.41500637323,19.9483057597745,427.744907568869,731.539724407361,3.57025808731024
"bin_m16.mxb5",1214.93453937403,3498.6256176542,821.423866643206,789.565700573642,4964.75000639125,944.52847470416,128940.363594536,31991.7577526526,28810.5356414901,5972.9485560622,3866.14281955019,4318.53862424312,2094.59738595827,1375.34802152623,1627.20610773628,1442.71517340519,2453.03861349019,2450.85281279402,6227.39659086158,1581.72015410416,1439.69614003859,5175.73509205234,5332.27153441417,1084.08927939725,9295.4030516154,3192.37902261934,2887.05469779876,2916.19313099166,7269.52278295951,3157.26665036676,2478.13796271496,3433.98874215742,2676.07225519448,8081.96791806153,6888.9984540915,13581.1814602286,6405.07209262127,3441.74559962099,3654.28411764284,8977.12572984267,7733.76692109382,10378.4650591825,8119.3724299824,12095.967135117,63113.973934799,109125.411057437,3836.62157763586,5537.27749458931,2204.8814853115,2581.25271580006,2495.55355208174,5105.75643411245,8382.25927477837,4089.32131817925,2624.47724767385,5522.54270283198,2248.01723132762,6066.61141061058,3600.88894382932,4045.1676385433,3060.1727310245,2635.65527814424,4578.96572901369,3033.22578559712,2561.79347806296,2985.52986854759,2585.90735404918,3613.81395203109,3972.58382096037,3356.75483295339,3215.8742945309,1109.21054713306,9118.11197705382,12891.8852190935,4719.429209559,1493.00714760505,5281.5352868488,1521.44906102836,1746.91899658289,4226.97681138516,1639.09190858201,3044.03187505587,4308.00016929444,1540.79058350752,573.877789138573,2457.65283621412,1776.88067851627,1184.96525869201,4360.04119931954,1545.94603138374,3684.84511420994,2072.2334920326,2160.85377704363,3898.02733344218,3462.12412421558,2790.08500038336,1082.31616271249,4529.05815650296,3682.82469068206,3029.91413013509,5023.98437531359,1635.32928737887,7630.07327968248,2518.98736420143,921.26447681579,3999.94512823029,4328.16856627743,5291.75023315201,6761.16226414077,4335.62265430952,8182.25585695615,1018.65436940263,812.448642438202,1204.87896105036,2484.65960883586,413.536528366555,5813.94417733676,3580.07461445309,1617.04873994511,6206.22564747035,3660.66284518711,2056.89830419447,5474.05379197389,29.685492712393,4553.31024766199,7168.17198981995,787.985495920569
"bin_m16.vmb118",211.349585180721,248.363607809117,386.328855739433,250.113339206821,117.982408122127,247.162028530504,59.5332725321825,65.7916082328185,126.396924263287,219.781898390589,102.773089919069,111.626758038529,923.363981836211,2722.22515148946,593.602690216706,7555.11313149857,327.22887623823,308.436576242938,109.303477696438,9199.84247560805,478.304638831145,505.574984626942,317.372215599481,2466.2116433448,83.6938946601779,2162.64993588993,1089.0385428879,806.055352166773,269.413975435248,42.8243043180992,116.255504348372,385.396999857498,130.44874019338,538.381789028063,65.0974026411418,2662.72158552366,412.371238952342,198.631652771544,5770.22009189375,28.4730657315,19162.7855393724,185.296651907855,19.628406253252,156.890058888548,154.753305193588,581.038017839979,325.398171355452,44.3271715085712,214.045290222866,525.983748505475,135.112821575084,26.0286452026577,46.6078372394026,347.839530467038,281.157755908969,387.341441870039,28.3229118334164,115.493840056878,258.875485421561,84.4553211790125,180.908728480481,216.178035472045,67.2137315375541,171.061497852898,395.407051389209,148.86794806809,1003.99914290024,1257.72036684383,126.337624463237,153.602623390686,242.709269043689,229.819153168794,16.508427770128,27.7251002546461,535.003862960545,20757.7146220412,15.0049644296922,2391.90885369048,231.883092902917,443.410185974239,1034.57267640909,1520.48264529246,4186.19471662192,15836.605638765,19905.9981528236,4753.84453897996,6358.21534324815,338.220427719456,124.408028620462,256.171199038027,129.568101501279,276.542837723138,243.78234064326,118.259804615695,177.167408690049,233.829039103516,197.056707763775,94.1043798314161,39.0668813284367,158.250880058863,25.5578742733098,282.348287014552,114.598160827933,199.867315200122,555.414259990254,56.3184945406994,17.0471167275187,121.960432150711,17.5266415470738,25.0837439305959,23.6959344737684,975.761933311359,59.1266930466199,2973.69977558122,133.373376956159,16454.2422525696,166.720337419668,127.993380186776,690.23626494258,152.587728277385,244.710406350718,320.77339747814,192.559213806839,6.66928849477415,192.766152735977,301.097133440662,419.586194188383
"bin_m16.vmb148",383.439594749661,251.859699605051,421.176468959251,389.023880629744,139.082888902721,422.552100095351,59.7054182021498,69.6748580446135,153.603920112978,3426.2501587947,1777.61386891973,3686.80087495922,142.779281012501,268.824677421535,234.882022026952,764.601394634707,476.59446035909,21006.1924461812,3806.18589544259,36073.2936480351,6830.9463005777,6276.26251470044,18754.8833483851,11402.2210243639,2626.68386821883,6341.6543834932,17321.4517516826,6966.16314984855,480.780368854577,555.601505366698,1811.12933028167,2136.19455386023,3083.93759770215,5333.75229563065,882.986227332816,16009.9052388439,10515.9045044786,24085.9697879069,20798.0348785665,290.527505353949,925.243235174743,1268.61089536404,25.0425277554656,1553.80142783071,124.850202819167,916.611974584301,7234.94724150595,58.9980643810138,11434.2591106315,2562.89793315885,5732.54645404837,267.650624985891,33.4119641626864,450.359186322124,6081.52159360449,220.689581204555,9.9611791653271,183.232349966617,263.489304397875,186.279013966449,220.609776881681,403.111753943788,119.111848048825,162.502800390287,7078.54122811038,5518.73898375761,9573.35626647799,2140.40616024356,1857.26714899105,273.139049348126,256.86278216597,13886.7141516701,39.378153398715,84.0517932308755,14489.6761062566,14440.2017741687,87.7712528768037,3598.12699180331,367.946165174991,353.904301527171,569.70794815534,217.127859407144,314.502514181981,397.892832397762,392.594199528616,283.882711711551,14327.9310736955,716.931997824131,421.555849495072,607.906676882382,317.056138030403,462.275468133996,525.142828539974,180.528270179425,291.939959171238,234.889675208143,367.924841614597,124.942876209649,44.7377910516815,258.216643245321,6.35939524989598,423.409383593558,215.37929214641,288.237662878919,462.906722799093,263.213065971783,63.6456506945639,240.913294421321,60.262805548581,116.015391053444,84.8706046258774,606.903171519373,125.03881939128,3002.04178773795,232.930994242591,9995.52486391527,310.894549109645,434.133059877674,1961.04702029068,358.477212430526,696.322686033342,14042.0999855572,14650.6186826778,4.94290474306142,3211.63871410377,1460.81185133972,376.75174348487
"bin_m16.vmb70_sub",450.590546407221,47.8965761233112,30.6847608119592,26.8815101290587,26.2940239971282,23.7707400907834,56.5762371325867,37.3189675737148,138.89173904483,268.655815246783,37.7806747698939,103.027679271261,5.64671125147584,50.9908375061045,24.2415655193235,45.0983884561734,15.7561403453793,9.91726170694127,19.2203652258083,12.4683553681226,7.72829190028821,26.6697786414417,4.98953955624061,20.6139836213345,184.962536730158,3017.92500859581,14.1669338596363,522.213298190656,5876.58696823987,20.0489070719334,13.8971997877325,29.0961111559436,20.0910756061468,40.8014014224121,168.044983606051,7594.86042306188,81.847204708173,1233.63244311418,18302.798723182,40.7020278251029,67.4851296615512,30.9994484158115,132.21858955058,40.5711194497142,75.7267987198737,71.0998702683013,107.649794433959,258.970985102851,34.340225566409,29.5211542455424,1967.61237220369,1198.69002353272,50.1853011856868,69.2416685595609,33.6050614926052,92.0847729646138,46.6432063955148,90.2843022125452,10.623166890101,42.8763003730141,11.7560133518246,15.425955391982,29.3794817397393,86.8536672367594,387.588233773152,14.8276861804726,118.972182017893,374.500154870333,38.6488395769384,47.7288782482642,2569.715995492,24.5807807195318,44.9787790155734,15.1696283161134,31.278489826623,7.9563127925581,0.944136146975002,2.62991209306992,27.9773496390011,13.305343961762,8.14979655485256,31.4175106242349,2.15432394192613,10.3353884497592,13.7038725901479,22.2069244000086,266.990611378647,3.39827629037643,525.265676493716,95.5503374280806,15.6781352515641,11.4416236538252,22.4690367936435,14.9385606579537,52.8693893616347,9.36905972702497,12.7761206990645,23.3089154761035,28.8284193637503,910.955134709561,32.2488361411333,271.917448072088,59.8487928530749,200.941540206618,253.987087666745,35.0760244222361,31.2632870722718,104.338708419424,27.1156494846738,34.3537391373117,10.3626603554452,11.8738721074184,21.9187662073765,2.18526268320413,585.103169756613,0.606276940004764,71.4111327446367,248.602799833211,3422.03177122984,30.3716306129037,30.5472139212671,2079.79628173137,10.3578267234079,4.86170845966548,45.1668338949414,1522.63020841146,32.9264527075553
"bin_m16.vmb88",160.168445324638,82.3232011264388,56.1895549538515,118.88111833335,93.4942296982992,45.9462955096727,313.730116857953,104.479901308239,256.691358030313,215.536759843433,269.477225116029,136.3585850263,52.9875530685494,212.287249337991,58.3671088172866,38.1455727127493,596.929936156461,16.2005022941111,36.0676220482155,155.910865623696,55.362885420504,97.1829364531017,66.3200707202525,29.9979908993938,39.2912778285537,123.656303328335,49.1608105090463,152.24899153783,458.284401912326,168.162170932516,926.490800278175,479.171123751125,628.049645488388,181.113633210924,57.6593607936042,122.007415006045,60.2493400572486,101.763144138889,229.849415178759,281.260728884212,130.395583842797,235.946896718297,107.802450353573,138.178613909111,323.891624849489,306.057352108691,102.388697051073,84.0577234732172,152.116062345071,235.213686205131,165.376571202796,131.193442226974,125.894980537836,727.187007576997,3505.72876833282,189.969182926111,185.548254139442,147.667638860572,1372.2915567532,87.3416313628923,44.2826265674334,1174.98112276605,1404.48357684645,2210.62776938337,306.234086700275,1365.00102463497,504.874664437752,1132.37717826612,437.907870645585,7278.45324202079,1162.48576651295,93.7168582363823,102.128422835362,54.8362880674243,71.2320036747923,14.0720463028346,3.31762824134585,21.2769677186855,208.476211466711,25.6717644128428,14.6647742341513,11.7524634267283,20.8453221987726,21.8997270165492,12.8217100408191,12.5731848394482,69.9147632869499,5.60722132920314,106.609959103933,744.063309981965,606.546341965575,35.5789209455701,122.802569492806,463.997266615532,83.2782294221414,49.4805226199765,155.27444053492,121.563040373025,209.154967611506,432.427183980502,126.951414107899,3823.3125668044,129.223224247384,732.648299288928,443.77685582503,212.026028287765,173.968560953341,206.055326850117,84.7058341829376,157.60643416573,56.711738537743,711.701066972839,67.2538512400114,13.3545389443835,1190.07882251049,8.56797204342953,83.1159415101817,727.125679919421,2882.24721785029,123.622290216287,52.5881836930424,664.888182105661,46.5090094122038,2.15012277127589,281.147853412323,256.979008710397,329.840016924811
"bin_m16.vmb9",528.016973183416,438.61156665679,805.365200324576,610.592791512958,196.466840982974,867.449543910047,258.622388922247,500.29569704346,1208.74852816152,1413.69881165564,2938.15906416773,1938.35768411944,352.068046506702,515.804038007947,396.257416695874,21799.5544566263,723.158059481243,1337.31229498978,559.181380049871,2147.69298577874,1960.02163005648,1071.45938297586,1676.47766598677,1224.1289998333,220.141711861529,566.306392315862,1268.22957288598,728.94831411042,753.343742754371,67.4800691732525,764.48117755389,650.208421616703,633.578434876823,1898.66520591075,139.064198659933,12371.2927277386,16428.990145397,15771.4859410813,11329.9755151894,2054.48660482894,1003.4003976102,4647.42097984214,264.675308063579,7205.28094758872,4767.59310800366,1759.20164709611,6641.32939501027,7882.82083212445,14547.5519631086,18927.3513255651,7928.8874726746,4480.08843027824,138.193992183055,2279.88117389711,1797.43957154095,2521.40093484066,959.521863776028,709.601324306265,383.884133312585,245.204340530587,321.385893963064,594.597375342839,185.411475179759,296.01278322164,1091.19014604286,937.910624247233,2268.20338562669,442.729498724669,568.933490024747,709.86697956615,303.925291669473,7281.50820346711,115.06727431728,42.8703249947632,1351.32178034104,28302.3608698064,47.2685266897028,46754.6317995492,657.423494262765,3195.07044806118,16204.2945785138,24776.0147797845,19775.0848071368,59484.1181698907,76699.6860580647,23552.2880208725,9087.03226156,747.943872590596,2515.62470324653,883.099323750186,316.79301624169,601.843354256958,797.371714253685,249.663359281537,403.717316591593,926.201030857592,564.059407610688,191.444919380196,82.6752750065537,174.53811064883,11.1259051257515,335.71865773675,389.904126478707,274.879825229677,439.369817504726,1346.25322317742,549.343576118782,861.9267121788,216.493423786318,193.964938076187,165.75799896067,1111.24251945027,299.13915948489,710.164289418524,635.243367684429,659.695677108381,3415.28978947248,1235.503690866,3416.16301312531,916.80280524502,4860.62816716545,850.614636326459,1047.86944688072,20.4786378834955,754.091589824657,638.92208034117,242.03872226532
"bin_m17.cct113",34.2026966900101,140.375618490903,133.658411927453,35.6384645393867,129.92930269841,37.3757156586164,104.563484825392,198.561194157082,128.903888329048,126.548571893729,93.0391915843633,105.826921432289,40.6852563420132,58.0796749075695,68.3865958702173,27.16318487091,129.23367122158,37.6815653289073,59.2208141553012,36.7452510091321,87.8520638074547,52.6774404999525,71.066539577843,13.0300166031627,34.0724710709994,41.534871563214,40.8633128360137,32.5588107694591,80.6961052263876,35.1007016662105,30.9414897432306,94.5795377985737,48.6186390015967,41.0857500484319,43.9912129506346,548.370062446567,272.010291598811,50.6387942842063,38.5061614893264,66.6966354283878,43.9763717092804,61.0589685083176,398.704307675681,195.93365956516,79.0250580790963,109.074742873877,121.95924266406,222.766931702864,99.8807246885929,175.820186712563,959.633736994597,116.06765646892,56.7928967236457,64.6282166285028,45.7314245321676,43.8371679615564,61.2914596031329,42.5910117551493,145.373285979686,153.776616265019,211.198995858339,49.4794195401109,93.5977924290141,88.0564379522063,34.8437463208017,72.4346283052756,30.5278929364588,42.932347484851,111.903031598097,38.0806789659623,92.0518323771976,138.966554251449,135.863361669358,224.359142588029,80.9079305828295,23.0742251956414,141.136501203979,64.8895647122889,106.062653198066,40.9384276195319,23.8394884122783,67.3289788249061,142.49130318248,71.5995487150001,28.9361796349646,32.3470289717507,186.841241566727,80.3410072078298,101.858931675685,1001.89160920957,81.3293866851449,1157.46903838663,444.312027251865,55.8364472223415,115.641519246449,287.32617330302,20.1313314608352,185.29168426327,144.697293601016,75.1890577525289,139.958597855473,169.638471126747,190.490076101738,85.975831297878,85.6806731728534,166.956417688137,263.905838105483,148.830054356929,273.141347523439,208.130067936314,184.139227503515,90.2980491430072,32.2801728595846,106.13109651237,71.6488851185183,97.6829256454744,69.0278795026314,56.6681442655086,115.519169831637,199.983094100588,146.842444644492,72.2711618081988,35.8882751964301,1.33394095425416,98.2913582697235,128.678739349515,1.70675671847697
"bin_m17.cct133",95.7200985408147,251.55151080927,51.7967526892152,39.8440237646645,216.298905266181,42.8197144808207,878.43849803148,591.681076309342,349.87995656534,157.223157215701,795.276460007666,489.467872893586,81.3245142129228,89.3458514529578,87.9273065432484,87.0807588548138,106.011119359226,161.695931022031,649.963277806937,108.767034115046,102.569208889784,379.421238062499,485.223896679699,50.3083044963967,638.627663126874,333.016113122496,436.173104191188,201.484593324514,214.691431234121,192.364998698972,115.683959293432,203.903520365647,112.209835593579,208.588537998819,322.892593794906,433.197177368785,555.512963270392,449.288879529765,137.013248348094,1139.69110983704,246.027003565743,1400.11518313364,5221.28607952731,682.698164288809,1647.03341752894,4251.16050715042,239.595622754657,481.932613972936,393.158863216366,155.327187002953,298.16187509447,349.298835840885,3738.3822351353,2936.5426712913,1834.15077564567,388.730087374294,652.713323615322,350.353760120854,126.454531940894,221.223100462249,225.446049055155,108.97278336282,181.586227565571,157.681723063376,788.864715320574,532.895410382189,664.906017516376,173.728534780825,170.872926308294,2609.5542775278,179.259214312503,108.037315507194,404.041739091611,392.380414393979,183.350140765638,298.264738569647,544.40406957625,335.32082326245,134.098234763658,237.420818844398,111.527716861888,497.814400666293,148.073641610896,120.511677424278,141.543256743201,357.322053639854,240.067075455858,53.0277251613295,282.105676172459,111.150851445746,165.837566438155,119.422872493676,205.256124860613,380.066638275544,328.899608144688,348.949064824045,75.3347978037311,557.061403078493,1021.16910188601,198.799739148376,284.958613601912,165.354195932427,269.708082799332,133.888703941723,64.6424455634171,517.345597362056,861.000807054076,380.281680453946,883.401044502632,542.08314452478,1164.13709272036,182.088536394101,54.0524842984563,158.736974825341,147.911057147599,57.7908722781102,2305.70358616462,331.950926655721,135.058958067697,363.256424601069,240.760060875646,98.3298488544876,324.285744205462,2.61434576735822,216.270793029664,316.948515256322,11.7292725926639
"bin_m17.cct135_sub",197.189527549902,199.383247383076,321.778806725108,130.447472652748,336.470580846082,60.5080305084035,3707.8570789772,1162.13785069931,497.115040878147,756.605187089145,1582.02086659389,751.508950976334,995.817869557739,340.790212856119,369.037022664292,305.547034358863,343.720228528058,474.97873305632,4512.0233146329,952.698517801437,1139.96950195311,4071.79095123283,2528.76783275772,287.334891345245,1815.91485162188,263.1761098686,821.165554043884,1177.79640808763,558.119387627564,3357.90100884647,1794.24112926846,713.706632050183,2441.93315778916,1131.19730481998,224.479091758109,1898.89205436012,2225.15096255483,702.973343063489,563.037521099237,6380.16111300191,1546.21537763339,5267.25407168446,1176.10306336034,2789.26713610644,9963.14352358456,1738.16544594349,1985.2997668247,1502.80597750289,727.691871779488,402.636665812998,1583.76196491138,11679.7045359422,897.107114110909,401.024437134612,940.379353665271,1264.35147256478,1059.78249531804,631.271051869922,1280.94332157587,784.587982784771,922.650238611493,401.974469423944,1190.62111408703,1865.19235969847,1254.65787139457,262.104269307785,471.904136901382,1063.43377695734,1802.52270672191,166.186713498948,211.118889307523,817.089124131983,725.730197620305,5577.59076833238,236.255152475324,566.361598219456,6723.88477962842,241.924363722341,337.697516150664,2873.33254722883,4439.77810826184,44.378359741256,53.5420812229645,272.237841343619,24.2761814529225,11.6370282917477,6.15290341586121,58.3092121060477,4234.89222577616,296.402643661756,335.387043120359,112.916757961473,97.7943986571359,572.329439671393,460.349147679245,1231.57393793528,123.104132542591,1900.62980011257,494.02510429611,272.218802349235,1630.66850481084,655.852619932734,397.007698362375,223.85378609198,61.8106914076554,1262.32460894558,416.976264349259,914.412125018874,1395.84174918352,2616.53742358017,1305.05491636518,148.164928481472,408.706916508755,1344.53982738756,1049.5505686555,184.044721118641,1471.72979367257,3990.06354879495,1365.21657404907,1976.99904036499,2221.44054551688,70.1703545384886,3511.33686981505,29.2369515855606,365.777543647408,370.58944913712,1055.401063888
"bin_m17.cct95",235.95604644804,1142.21039152545,3168.07651820646,585.121231332285,68.7577440593903,715.996352841853,168.63061598498,1012.70254218324,3862.35940845608,509.765818501282,1036.4834660231,405.535195590348,15.2695244410645,6.12567906192687,8.22417787134547,1.73315738822604,13.6426633799906,7.43489176620205,11.1985740729512,3.64914539299779,3.06858859891627,6.32319209855734,2.6629636885751,2.09274793737393,0.968271102384103,0.328674482978514,0.267579226311235,5.25404080353668,1.65478445294786,2.27962662895116,2.56519040889847,1.10769759000241,1.4447605136933,0.666750997981858,0.672731870452979,2.92594096937619,2.77980275597761,3.38103961199899,1.39442479622398,0.414939121876736,1.12842368328379,33.9486836763925,5650.86370356451,12513.2444006952,210.762983856472,300.604150238614,4.71433787971187,20.9063942207231,238.93545735907,96.8336561522723,6.87896111309705,0.517562829110316,2.85143952721407,0,8.00706517747653,0,0.089344438505689,0,0.302729070334761,0,7.73704135016875,0.835229442216927,2.94580567507998,9.95344394516015,2.34739832048354,16.6934624259754,3.83216094109724,0.79355010214003,0.445870544570666,0.287992481831881,3.76011158483998,0.089926497992969,0.201824585876642,0.66001400420565,0.178896735236494,7.16042770226214,0.920154711509385,14.3689571468195,6.85955063566605,12.8114178210168,19.1215277866414,4.86650022349374,2.04128094022842,3.69738116808217,1.98438721730044,0.212184898480907,0.271616850881466,0.993587614334809,5.20766114449405,5.23044785972395,1.17279967600737,136.008431536637,143.731203687784,0,0,3.66370568678675,0,0.198227397097679,0.114212056871445,4.65963878700091,0,2.73638290554294,1.52263438703117,8.50098667039672,9.11666595947995,3.040175043984,14.6609059200341,3.90508692494904,2.9527263855588,84.8188890980606,5.77828922239804,0,7.29869043510674,11.3795793631528,7.36384593906818,8.00146294220872,7.21162516306275,4.27504524677751,6.23830830307383,4.97017931927948,0.898891983067627,1.40740385766224,2.66730770742803,2.49379953777091,2.33525614125628,0,0.911650785495234
"bin_m17.cct99",286.716782455659,329.439571784064,427.042022700056,399.514235716154,182.964467287519,396.277426639806,553.577781810987,1949.20021311879,5983.46554916641,3339.24154190629,2283.75313658844,2417.87772108815,90.3405522991206,160.12941915442,149.320890193017,191.19133597008,217.405670938415,697.590761454709,237.874377151585,2344.99018275163,638.102936953401,359.589227013291,340.623601501192,370.158350380178,36.4750945702638,145.234578520673,1274.92551684603,255.96729826308,186.045724585458,33.3673290494726,69.9768899018214,354.960133073681,104.22701007317,420.608656875044,37.9849339051383,335.618389330047,208.75868729037,578.836148432309,446.116217777796,37.766954821924,43.8914951356104,2383.04848962295,89.5368277239578,5213.540205598,5975.98143271339,382.400979186224,418.390514085118,29.5734834466008,1051.04161548047,988.468186198073,343.036566099455,32.9079995335798,9.15997060127205,349.66126754894,422.025089288379,85.9472996207389,9.06132425523365,20.3553424645826,224.602941526811,184.303992057275,924.2923493605,869.028235428659,182.131121142328,500.553301659901,129.658455155252,201.637242893039,1244.34703717734,163.086504409828,133.712791994733,307.405428263058,285.979134332093,422.062050163189,7.47908510719858,8.92516050635766,237.217632851385,636.332025842851,7.65720674789579,228.669079108521,102.013187704206,26.7689210528586,666.938268737646,106.818518102629,119.438637218117,289.388496836418,346.511712305555,225.461490860432,2485.20067327604,459.06233809809,215.700555381302,406.556929550558,301.415718017621,487.333540188757,396.280099895943,111.26196107462,266.432821122558,119.167357314432,239.536751624541,60.6220391859686,29.3149154853738,181.358067258689,0.408667235293029,339.559144055538,126.099151218591,330.785509938526,349.361622599429,569.409420266392,154.990158568062,878.936132779836,82.7370485935504,59.8283216330582,196.292266260716,319.088166445457,93.0037724438235,322.12690099044,213.871749850685,275.433007416612,108.086128831564,84.1442448057217,513.139070340111,108.139427381502,512.631961075185,726.37221353978,607.466514764283,0.810645719820517,263.334873467235,247.536451771063,358.459291891497
"bin_m17.mtb117",46.952739937156,79.6102291971284,221.284649872538,177.249905908361,53.7715025753641,66.4507342904026,1680.79074341273,7477.61092991896,4911.19371973026,1128.30989379288,3439.19827162544,262.468723316344,1956.19712950463,4796.15996293964,719.021635702816,1866.01727393137,935.671846006437,59.8451799110145,96.2611601270333,127.311725355852,152.716640628448,61.0605630837355,95.1036648165464,334.870816204933,1695.73036074448,3502.29858068449,1130.87877613361,1790.61899006044,48.3219717709393,718.599886978667,1055.19464280709,2854.58960545552,1054.37664129738,1976.09431703272,8087.07080191242,718.212904800083,858.441914960354,165.766046636041,748.720817762216,791.39185164608,572.335013402655,3319.03591011164,11358.0279883946,7460.03288810639,5576.3466000691,7345.05327579058,1728.87257122929,5730.95967836236,3609.99527566832,3433.95196248872,558.595803414205,166.764844049696,631.949975362956,502.721860729958,298.081528921346,918.116411001055,2292.54243921359,963.699811659022,167.782552014903,224.88146685581,41.8268140119064,283.093181366466,58.278812756716,224.111029124486,1397.30144290205,610.031275408071,10148.107897631,6203.43177581579,4486.14515784741,151.040796545692,92.4347369153625,86.3374682929413,408.971344656349,98.1445439667582,38.8043233087139,576.359545716142,17.1034561320865,169.289357013623,1334.06417014333,208.08082998447,899.945475613273,474.498012188064,318.434097270777,532.03631794628,241.223525869962,15.0215160205775,521.816273690602,63.2743328095137,166.918327215849,116.665688151345,95.8637122829155,149.285534977723,112.569128022369,93.4622857146222,521.970574434213,103.857354730037,207.360420804274,88.0451809281389,252.314440341184,143.348214784182,218.271544074892,307.674147185902,154.364763530887,70.1261460945043,378.699166376342,9670.17102869629,8610.2101864967,6503.97102667396,1828.71300967413,3526.04181497313,1161.30814268494,158.890984793403,326.114026822795,49.6103424636456,694.248989971019,76.6421189874374,753.058509455813,183.541740842186,146.513737455291,430.945146102687,239.552478949348,78.542766781974,5476.68485053166,8.26305388120043,121.538977429356,110.102506108475,12.0827988734319
"bin_m17.mtb142",93.4510293501861,3749.47564457507,207.735464110683,138.315732469135,215.109715043255,60.3875059794974,3141.25656354485,516.055247814449,477.782863468433,682.994561432834,1271.38287165035,4881.16922935173,128.614914454569,86.9121836549783,804.327524150813,131.257952321419,623.462730346472,67.0729981334248,245.808479912907,130.989227637518,114.145419573091,135.592773524218,145.04678506233,30.3590296152811,202.648939523618,128.924847748744,2870.15475482822,1460.01444642067,217.877025494199,230.037955140042,128.484323422372,197.07328783658,151.501942627755,1352.75167095954,214.81328575881,6066.58322555946,1558.06015012213,673.601329725341,3788.66749328601,206.669823727666,157.524550769852,2190.53398515458,513.874640012571,660.112596000127,4210.53231407217,217.474602157634,470.747467237291,467.523504704936,951.979179372501,1331.75442037214,143.402152716798,1741.06552706763,265.814813644522,146.755889611213,81.789704876141,235.53562030558,124.21694415133,215.452718850692,786.133540721799,257.396279010969,235.793932391715,1339.75628422232,320.797617603819,264.563809772558,7086.47733464047,656.033907459815,227.391066096847,5208.43575490852,289.654650743142,134.255240736277,316.831467611218,127.91825529246,390.443165121089,469.372504409757,214.084601890855,84.9118550920852,354.730242926921,108.370138092306,235.665896556122,308.66996954226,206.901240053521,241.04215359339,278.319711417246,142.245769829227,45.4200083829428,176.687401832451,304.615055916342,82.2613114270841,821.230649333233,106.314761509742,2752.55673417168,5661.5669909568,233.309493198905,209.195221929915,221.343020925531,198.839997544997,44.5222212237628,315.76144807209,204.05462307865,7085.73027050529,199.134127909317,375.784535656049,6770.96902305193,258.543390563352,104.437523222882,6661.04332917724,396.175151818516,1223.23533059879,600.138967984262,5687.44469036412,2274.41752486179,67.6847839046501,40.8095334784683,106.562876806027,139.97268561117,47.3851910348332,202.076525996201,287.400334996756,128.871255250714,341.726076886121,421.977388833794,116.163347266639,2158.03839690663,1.85080130245775,157.474711930736,282.120997252426,0.826945603458271
"bin_m17.mtb168",5166.66129473598,2306.99609415185,10107.6915324413,8211.17404986649,6107.93568136027,2800.36562011423,6554.65483145227,9796.35671783002,20299.2841646156,6650.06875050618,24813.331602495,18761.6311707176,213.824502543189,363.444935316287,2383.31466908254,109.231035874794,3309.46267479684,208.374801909448,259.858632572638,313.698288733628,174.425181896377,280.305885838904,214.792603992159,12980.8685065185,5783.95632360328,22430.508787871,9786.38264396403,18928.7387338872,7713.44813282882,14830.1100010947,3730.49865911208,16235.4617310283,18542.8339148308,24842.7792049777,15444.5113100045,6357.34920338849,2542.6420553388,5715.87482884681,6239.73430953602,65959.2937139203,58968.4078946767,42555.9449011592,22074.3611334075,44155.6436924742,26247.6929159831,47056.0454894964,4983.46663125382,1013.30172603554,8390.85998641327,380.565283453054,5293.71086322561,54204.573309184,18220.7219389045,28638.461827035,56765.8111595003,14515.4855165952,21493.847858029,40433.9989141613,4083.41997124927,12794.2990015326,2362.69673690415,15919.5644876004,9493.14637869453,5146.46925759031,27516.7565575023,25569.425901393,17487.3659970334,3511.06657235659,5897.2100089725,19140.1182165622,5208.94694520462,25413.7380498493,12664.1505968447,1260.11444356967,5068.71593112772,124.23084375391,26.399718578448,174.173846861535,2791.24306552529,187.415207188596,241.58918962781,171.401579781902,216.145793000135,161.287728003733,24.4262042532342,17.055609432379,82.2433287394073,3518.39895024329,27604.795811487,2129.01952955117,656.915234533016,2193.54631202277,3103.29753366025,5061.45201771866,33586.1461087701,18340.5570762931,13128.8360496464,5629.45839396912,32077.36044114,12634.2022040557,9267.12364926043,1280.95927651362,7020.09370819598,8471.17251220377,1451.77663486981,20486.1550089294,1087.24217722935,11734.3702218971,7439.62762047152,4314.0419769288,7770.7916871342,11073.6323251297,4112.00249285987,3703.65754718983,20639.4237253968,2648.05204951342,11008.2234815631,16651.0694132299,29548.0528298781,8950.87754691828,13653.781160056,8573.91045388074,21589.7994901727,21.8784392306401,32334.1463088391,12161.2401976707,20.8597402712285
"bin_m17.mtb206",100.350806141012,111.449358616733,37.6835110450982,7330.59971486252,5842.92474168068,29.4763731827451,56.2476552277684,17.4007858668669,59.2809193378315,59.0803844494368,43.1447327619017,30.3380525041514,53.7317327650441,51.9817524247751,51.8133074803777,164.967538296205,333.287323000113,296.530374214296,95.749632072211,676.804899617802,346.653001568755,119.303033202325,393.615446081281,7674.28753874763,3363.82898843145,7204.98874181024,8248.02012794806,6108.16394982149,497.916395899409,1722.36283474997,2612.87209775173,646.333085178216,859.015418791408,266.27803599028,586.570895523525,10155.7348371056,49.4857480780583,75.5133354981871,106.989280320959,47.3884322538194,49.0752747085368,29305.9330357512,35.9014055099425,89.6587830133497,10810.1369768209,553.240600567604,8333.6769650466,10968.6567522691,7161.09764975905,29355.5346376993,21443.1089954888,2492.99421161143,130.058670813369,266.412134296318,46.2112399807006,339.648002902716,127.845711229324,393.668135181851,2344.78294142526,52321.7272491541,21405.1136793039,14957.1635838182,2404.00154646488,1759.50719986065,721.094257660241,13613.4139578672,2044.06665501095,175.924906173231,129.588372477074,1930.96157150501,11919.1552085857,104.068458501791,801.952292372346,672.562366231985,157.186137930131,56.3782148428063,19.0327768458651,54.1696423751919,318.180498267879,87.091051232505,65.0611868846372,81.7559425281805,475.119271400648,366.754363577351,31.8481726435917,56.493031836782,303.47940763801,562.800035605458,3734.2437181443,13104.8774868314,11987.1086403226,1273.22971139545,18197.4950468558,44939.6793892687,199.8401229545,41.3533558304086,41579.7178037581,20939.5081671725,93.1633255763858,17342.623888067,331.163126409576,8623.29636820049,13681.2309481052,7424.34655763695,2286.7827398061,51798.8266906355,37506.8745211991,25175.4159486585,42407.8140024541,37774.6819314237,11258.1975416083,375.84605918591,360.97734375106,48.061368269963,1441.29356132033,39.9561981420568,148.467263678278,119.130031032122,95.8509621380977,510.606897411337,56.2556580020733,2074.83428644781,3148.58149845628,3.30657397477194,1082.07405367553,681.446222874315,150.371521462876
"bin_m17.mtb85",3.99382079919419,139.763691123463,34.9997096351559,32.9063270345811,54.8534572897307,114.293265617863,20.3059916361266,4.56798968670483,283.774772768844,197.629433171572,22.7607746885702,4.60740745173611,8.72685975370144,1.60528994995415,34.4462107548988,1481.69430140486,49.896187910531,1.64684589145195,33.3741387568304,4.24354469512408,29.8449889709454,2.50320325015178,9.69410051348784,8.34387400865261,0.183835123467245,7.51318349459971,1.65954386071477,18.1252904378892,5.3758997792192,18.7550117003656,0.68183480032195,0.736072810108394,12.7630639727377,22.0644233595881,2.45869272933055,66.7545841424519,3.53377086979527,21.4687009006409,134.821034442984,0.551459907867189,0.64272466656001,3849.13402630241,8.5873849391416,169.108554339239,2332.81095156021,6296.5618322249,459.08449210573,104.727665693716,772.965205425969,25.8127608272653,509.283477842609,853.275757763956,7.57920618260456,4.77649527917557,12.357873093653,0,11.280301029161,11.3593318116562,186.279334892434,130.249700979234,131.705257464019,265.297560402481,152.294162243276,216.828542017802,61.1466151744293,21.1924494364036,1.09135619872114,2.7119293879709,5.21460017844146,37.2029154998263,43.8130198414842,14.8196834300464,21.0558746830468,11.4031821920121,4.20036073750432,175.471449357255,78.4693208339114,19.8707296859564,24.1205779850602,40.8637291712865,345.027337434303,154.699124079365,8.13867292728174,6.90598140863304,222.563365850354,49.0674264277301,96.7433371264839,24.5024601326255,261.72886221737,210.66811589455,18.0360062275268,24.3254911974586,436.672511950676,31.6403127673604,0.442373524777306,0.374547400026719,71.0991426986355,60.592807394343,23.5273607405129,50.2298825621244,0.928233677591991,58.5079441796298,15.0991874244506,62.3478382242586,318.736224870315,176.731630225112,485.84300410099,82.5196524518586,463.874884703022,126.074563700863,51.752662593764,11.2308881384102,13.6431764526814,6.38244532554124,22.2987063390961,10.1432537792444,62.6357580225706,45.6894934691319,2.29843937038988,22.2627724061188,46.3520336463156,4.42108597266635,2.99952173434831,1.38095605559189,8.53486737853704,3.98683792037931,2.62512611759016
"bin_m17.mxb54",5557.01112472561,6450.02413563887,970.793100367027,2950.70205432244,42812.4037982272,141.477863678915,12324.2590000883,31639.0294257941,2521.62695672381,15501.6634408232,33678.1617114848,63926.0479349585,125.244427382181,47.4375912206474,11487.2805160721,102.433919152959,745.118925883598,772.990665270765,358.27481254147,2240.7475984336,464.164546305153,379.200137889668,538.705126640501,1256.04672886596,838.534030679483,1047.28220967499,5111.27055718123,288.03721460861,513.901522187827,187.06929744118,125.992426043267,118.59971372936,131.238182147775,390.5916762717,136.614237723025,11304.4375424716,65727.0893774224,55.5350836186244,2932.14119506553,48108.6531180153,633.110845847947,429.605690215256,4512.32364606838,36284.2549414474,8682.09664068039,153.92601051556,6390.37679229965,3682.07797357133,1361.34359046897,2536.56843881361,4350.83283104303,351.75756815583,6401.37134563458,1087.80461518287,127.615451308276,49350.2856694803,225.369798267914,591.536282131732,224.157321701466,145.625167521535,272.109654816116,1291.12761092516,654.950079387704,140.686657308845,4931.07834169534,1254.77168251211,8229.91641585235,548.006496383161,135.252271983062,70.7087238725057,5237.21734008795,540.546864529692,188.664552485606,506.62973382355,84.5338567110174,5605.62133863316,673.162453090931,6587.96485466997,407.413656320746,215.479541438833,275.766262229791,10014.9306547796,24695.9712564031,598.6219634136,63.1500366095308,147.52259466298,131.98445848681,189.573739253895,1302.3495761177,1137.68653140341,6938.24539754002,10569.1974046211,472.705689001569,3929.30396876256,41615.4521062103,613.171494752568,25.2948598661897,199.499310194628,127.040415489108,16634.6802543193,245.617610406984,407.996425913282,11209.3619207932,6816.34840433294,98.9248005988261,11301.4222580327,1331.89668300483,871.470344906196,380.888576080365,18729.8472419671,482.149717115443,74.3744874890118,70.4871164060823,101.080274295421,116.546693879631,58.7056211398582,210.436216381474,197.084009996717,88.3940249047194,67677.6156005754,222.111711086142,159.806004244944,247.219358781676,61.6241690056591,47946.6754828438,48106.7856002793,51.0275371424492
"bin_m17.vmb109",3.52850121048189,0.251885439728978,0.466941406820035,0.220989639266262,0,0.193195734882819,53.7214942485509,1869.34288382902,35.5511522636432,7.94124811198859,2933.388635412,84.7193407456065,27.5360512731265,0.455868581092772,1.31680760261442,0.305253406133718,0.838193874619183,0,0.896525324986093,0.723046462363472,0.736986880553903,0.35542853609284,0.611760143556846,0.221151907057868,0,0,0,0,0,0,0.225897865657564,0,0,0,0,0.644166430812765,0.319300736309799,1.98495890572694,2.14894680854873,0,0,13243.1978438781,10.1609862536457,54.7081906845677,20708.5553322911,0.272907680447657,1.50966480988382,0.606948046507695,0.89856200106484,2.20960627815894,1.93849798034421,0.341835263088472,0,0,0,0,0.236037658999457,1.18845679813424,0.799775142896551,0.696950816675052,1.73960571680728,0,0,11.8902956428139,0,1.09706951134803,0,0,0,0.304337113122997,0.462036247690466,0.712726178258817,1.06639436266253,2.32490741173764,1.26033188095021,11.53476871702,0.4051570298323,20.0065365450858,0.755089097183409,15.893036818518,18.2637885076928,0,0,0.528002855646964,0.227935704519061,0,4.30548157439821,1.74996226902631,0.701940694503802,1.12801938570133,0.885257404234278,0.743930691803904,84.7414444150605,0.302385977209649,0,0,0,0,0,0.68390144520221,0,0,1.85659555607126,0.554533882254089,3.21135674765577,62.4694806144235,5.33272386911952,0,515.500298478196,3012.04531033055,1992.82072372366,6.56628001570032,10.5033638466885,27.857033069073,17.2381008644307,42.2778767887071,0,0,0.163177109303108,0,0.47495370260378,1.01405399776074,0,2.74513731517778,0.514123022060613,0,0
"bin_m17.vmb122",200.107428740243,232.878331255551,169.799145283047,2674.65478824429,1731.60291168191,6.62772959816084,970.607337502014,269.742187723517,130.128016828011,3726.29079665684,44.2610177580454,48.736917905812,14.7600875924866,2.54132537947625,181.261102746395,52.6215736899928,224.52777605761,19.3728502601299,39.7905710480496,17.1565633818536,33.3418333595889,23.3195939346638,29.1193326699446,22.8551981800781,4.38781185361471,27.1819045785654,7.78059660095829,131.203787979834,29.5786468282387,0.983842204218085,3.29358066728256,6.16996941800605,3.46609512855265,11.3304189491099,13.7184657343844,316.747019382258,6.98308544725172,47.4540902518427,63.5846107045658,6.26778592970608,13.149150129837,9489.26868617323,6830.0866695854,2097.09567132902,26.4573069042295,103.102436060115,521.139116413423,111.006347629957,249.689520258837,230.775763086057,1110.47410406077,1773.99042087403,2.66032266735019,7.18527113462084,3.21881035652431,8.62494411613192,4.65603665305342,2.03854663300598,1372.35978570774,5379.77311337409,30.2122527684791,592.024729314847,476.065714603708,294.260904143219,7.9780927188771,26.8155223724692,6.82227812209171,34.8045992662729,49.8054344244638,18.2056581806407,191.295866708267,2.85257286944992,12.0039563749752,5.4833455053412,13.3763426616057,22.3575693144872,7.81831479139561,18.4783781683467,207.878937143897,23.6010864841513,38.4930435909732,23.6920795894671,25.1078408865232,30.6798213734636,10.1653645775638,15.3845741825017,81.7494447146355,246.638917323525,664.263908380253,65.785886559862,1252.35987191657,2135.69236237943,2724.25371784977,7.26150991224385,15.4608888747085,3.40562625192451,44.9015269295694,46.14945106128,11.1275982916819,1045.22184284419,19.385851433416,76.0422637680554,492.949163998345,489.028377041496,77.6685000143449,533.469861635125,609.850886908911,33.6229126815261,1141.80763273241,16.9785202269041,255.302412043427,15.8809238452221,53.8472320232017,25.9020931527717,27.6675006593298,24.4053547729252,34.8665085395949,19.5745705686705,12.4553661132399,39.6235086665887,284.527955937679,11.1611208885294,8.36803144234344,3.53152746472152,21.1648670555204,17.2540335502966,10.5002135119724
"bin_m17.vmb141",373.161675393179,237.831873246903,469.22011347581,391.47180048214,152.738404347677,459.243364033071,38.1301102629232,39.0060032678468,134.7947920804,477.153305130352,232.508826000934,404.772541728375,96.3958250567058,213.53126896888,212.813927277463,254.358021227647,304.06574897091,1955.59412096741,451.125553227341,3003.28221302133,883.209076561699,649.484726982419,1602.25973084022,1268.74991842501,256.558862342374,608.732752529697,1672.65001059069,687.952287518255,201.315555958664,56.9536966205191,182.788272298652,226.319956345805,280.262798995062,609.164442797752,136.070286495551,1056.58779545742,817.956348577807,1580.7369627176,1597.74304640944,21.7201263300272,147.105436602408,15062.2364623422,193.273043385723,18383.8216424186,187.477719866528,408.686734695895,1337.76714658868,59.8521461963531,944.913100973547,776.949637610989,1246.18069998474,75.2832951334055,7.40430949142409,162.172129895257,690.03899545085,87.1782401360969,4.91383535041122,23.1135927677083,464.768459084465,270.518948664738,249.574707924639,618.431585220955,122.044740908832,177.005669222588,630.911107096755,513.39237937575,872.967828899255,489.521570998387,441.27300378868,134.633505153188,247.934060778176,1429.2198931425,10.954052489935,17.1947210845675,1245.85479609682,3141.62939342005,25.747618935405,946.742323213379,171.879836791267,111.980160278541,272.814423260079,120.690687547975,135.270238035365,206.099455818358,303.503490484838,253.513463583522,3102.44502424058,707.922768459963,171.625973202299,611.565427542295,324.573943956178,489.339907148608,298.630957696365,119.275116345231,193.425886728267,197.284453860621,358.70975356558,86.859497000657,20.4976049149299,126.638549277361,1.2635931231474,356.733199441775,177.996335065704,190.404906103724,334.710182208303,3263.04157884521,378.487063809341,832.253229012775,354.351699102798,879.521280218173,1238.01568888371,241.809640961878,62.5231271849661,363.399455034365,161.893096047454,1043.96533969093,119.812432442878,137.09021337799,607.173232930056,74.066627393975,276.592402857299,1623.75625904664,1570.3291551015,0.30078056719363,335.596021335544,217.08934294922,409.584036250789
"bin_m17.vmb17",213.900932044483,168.250164449629,37.3009702539785,63.5712093852814,45.3652483307241,45.47861089255,1057.98520710572,274.473791873791,150.984351493242,420.998360085888,403.529197286009,66.2475570720475,1080.30003241008,1700.14378224877,1271.52852985377,6750.81353277496,686.793985492874,63.8483608919989,1710.06279869908,311.840228316021,1046.5647292849,256.744474715293,239.929015525699,52.1535125769811,39.4408543731466,165.700077021402,387.886283359172,118.839065791921,1766.17657874517,1919.15952807168,96.2748725865404,126.315701178538,2027.11630396181,1775.53256774159,2163.52215645589,9389.50601386093,54.6770226933591,51.6603691280147,1635.2588235109,945.260345750721,28.4110622510146,8492.98509951457,107.247541958738,1970.51874977754,9359.80295358598,11249.2404803629,16521.3751777229,64.3460600344098,386.583196479149,230.758336902184,5992.46773652309,6340.60719303074,206.554917398065,195.081620891938,100.419864138902,188.018941086352,706.581379063468,264.110081957293,1141.50494667034,1222.33178512768,836.383153036334,1616.11679978063,656.083973432235,785.44450599335,3114.97577583123,4135.48261184333,1760.38716485977,1471.62806536626,594.519043422371,3577.41879629584,903.78283249047,726.427877663241,5746.6406749559,826.364209384011,942.534990586982,4168.9564030065,16.1827052572675,1527.7885701241,374.428542548684,6957.75160275573,267.820461013438,2386.73608542682,158.439611536943,583.099196242316,1094.43681880105,1481.31934642327,187.519092371103,225.429125108505,3779.41788165287,996.365582930624,748.741045768406,389.758365135299,258.073003797197,2272.69035508246,39.2339950381161,71.2879841841517,7218.52297009676,613.833142444947,582.847651779568,3291.60955157451,477.287875074021,179.247573900826,834.121129078028,1132.19536017556,97.3604165013286,13693.7151221629,5178.99170323488,1466.35962559043,3632.15911127009,3784.98285226544,76.2873231419171,774.19609563426,481.605897713498,98.5619696199679,476.523470110995,74.6214129594146,2263.67777054431,303.339328819492,207.384140096675,452.136198222595,113.21762252339,2118.08506998035,41.6890510184677,15.6303521792874,2761.30269996501,1464.10251821533,902.632075677186
"bin_m17.vmb18",177.443216013662,1400.29652759554,341.152805466056,147.208536735821,2496.42697662394,177.257903224531,3936.99667258194,1306.93607507391,794.812729607732,1570.49921288152,1376.30227692965,3513.75545428884,115.01508673704,2653.04374984473,248.93560543298,1000.29965579848,831.149314073134,106.414673824783,1365.59193226413,864.031838748477,154.359805693028,195.517442807931,212.39376256518,204.697388444291,1358.71467807745,1994.28939192014,469.235060981597,243.15392428046,1069.24144181203,355.115994467652,1768.5937570219,1503.43282809572,1514.71817998706,1103.65616160867,1903.42030528452,1631.48451396321,1662.04782823245,2131.43556875074,667.723213859357,4141.30028465106,759.863841085434,793.285701757914,1732.15220130901,1632.6046741815,297.630668086386,2710.82345021156,2994.17040919819,2698.85421504081,1057.423410092,741.166431169931,2061.93803560005,1360.71459970779,337.220246517498,103.951962559712,67.1239276616926,399.457017515037,291.585254041737,306.519116910309,1187.10162716184,1459.68366232088,3850.06771461289,1114.27910314709,3157.3303277471,1242.87154312953,190.803997814782,834.038740009995,397.300065413213,767.282637858739,1009.45614020096,65.4454876588976,1570.549203162,117.925696881008,198.979943933379,300.613134564002,107.086427973457,6153.60032357662,3794.2744766546,1536.89382204007,302.326973452511,629.96509126413,116.413839429915,1961.40076148899,229.868483767623,167.860277392753,397.346822731362,312.319508255436,260.025631947596,59.7567196815405,744.197751352287,484.270806386751,2706.15456133396,104.943478009208,527.682349750836,175.814650283656,218.172333012808,103.620060733258,100.701155601987,202.195859511034,708.706026956356,1064.91863849788,188.708009512511,941.041080840524,681.714671447894,1821.09339103468,729.144122698761,1672.73496072083,1905.05499974341,2840.77456403028,3318.05966450037,315.316437481612,1766.33378078112,31.6095941104787,42.7264564111313,58.5991071294396,233.575078245215,82.9813265393467,152.278337832457,128.704230112462,55.6271460006462,319.934783535197,241.477726155015,55.403745837195,267.380986867503,2.74128645341314,242.980685845051,798.130493442378,2.41891959398982
"bin_m17.vmb56",4706.05231461198,2812.32963748322,59.2171655305707,3446.18532352608,2539.80843664424,477.04115067796,1229.01492270574,281.880047304609,836.647809628208,1336.67279418741,3442.11278705662,321.679661354218,70.4798619071855,151.439926549994,745.002967229262,122.087198578464,473.087757738854,65.7189132522283,264.080877469333,534.638742891036,169.288157017361,162.051122948171,111.591944780004,22.4541330494656,8.32366459143075,65.2337663373783,1259.01486669961,146.05228043557,12.37674625863,446.072369796153,89.6509914304291,329.135720504349,283.958232720085,1648.52580840993,4353.22976707432,4320.30522260936,155.810545620757,159.582911609777,810.294815413645,54.1698935910522,16.7701888627383,8443.44130620654,867.545576089514,1238.13382972014,8586.42289687381,1390.19271123669,470.914157279612,3117.21879656845,220.972045400212,2597.38422783373,2782.61930555059,946.470314282213,37.4647628905821,156.110842152583,24.1483097696282,116.928378741331,356.11126177848,1906.81602241132,3309.26471911776,840.683482767196,91.5033915905639,4646.90912222765,1911.44316225882,3959.76478342505,2276.83173333805,48.9600479254875,1082.64765220185,979.663996351563,1787.71198231692,1824.81218446491,550.811747652909,27.6069104122437,1263.67482260506,73.1497969885776,30.5923454472014,204.722105327194,0.782065697352665,30.1023739895779,87.8891714658705,153.617140149436,45.3053832826743,169.024320236093,61.2682661360182,49.9404222657973,313.001255285959,28.7825813987571,2080.55668104693,392.06317787335,653.189799729879,1930.58372393985,98.0847114989676,2885.67588190885,2092.60291860838,458.195862191265,70.6133037725599,8.43145008000778,716.258967213282,38.7164996498695,2360.71533151013,270.360557014232,29.028126242403,655.445372142693,1024.59284960344,2198.50390085361,307.894954758389,1719.17566537876,247.047348326256,1926.90453473207,760.661655970211,1750.64848608227,37.5381351769841,250.452976875543,62.7598964325309,63.1419563612651,700.37704218568,26.7423318847268,55.6304677662492,28.886187607924,27.6549966348729,431.253783509149,104.697723897101,51.2840401601696,574.428191288837,1.05977562803832,34.6347723495806,141.91771469541,41.5313151074525
"bin_m17.vmb58",4112.63763568637,4111.26825946047,1227.3007587064,19836.1201348706,96491.517070099,534.158320683158,3838.98599425149,4403.96306679784,3312.42130397712,1920.74212551151,21036.3267812867,2618.78172786756,415.088127612237,958.01980750134,2872.11132669976,52783.067748424,1313.96931476668,1354.08318870644,13535.0964870372,718.903769341011,2073.59503466703,11703.7199489333,8939.07497186614,1763.65742400274,4336.03877590261,1004.87080771194,6286.94698862818,11678.2368718357,32065.1654039021,45802.9344401715,297.727993601607,3678.15176175429,1498.02411684733,10226.4345579033,39383.0415498978,6407.67284095103,6073.96675464473,918.185959463171,2191.51630629842,1855.12753862078,4210.22822277427,10425.6207766644,131493.351048485,7752.36925793478,2175.71786006049,920.175937330212,2578.04232114519,1945.67225533718,1170.57998650805,2652.14286983235,1704.05391572858,9452.69757244657,49043.979372632,20420.658984297,3457.31549887256,21183.1632905132,11083.8611037331,8700.16442765013,6260.31849856546,27399.1353998676,677.758091655014,1764.58155086592,4869.2729057118,3805.17577132058,6383.61454857598,3419.04318417534,2184.39488318182,22781.1904776127,16442.7536225116,37094.5242000415,1727.90340909251,4400.16393867609,46805.1724515108,13309.9991286142,11133.7745264135,19691.4449961342,95838.992869116,13096.9858329253,1818.49009441119,1448.01008946624,948.176968617109,23314.6587606149,4629.55680187916,6936.96975280444,2178.40613473096,41761.9004489978,744.994009741849,3131.11835018228,5232.57917553502,765.702075108475,24189.5266292496,3787.55682303238,1499.88111591534,4284.07614693534,547.58512810328,1355.52097355872,682.085648489777,2210.90628687501,3294.49302675145,4010.62093248687,2512.43508075423,697.268923698888,5351.87342674137,3237.95507577711,758.845692800729,3774.80093351516,2464.00253603134,2982.67349709962,11360.4986815178,1962.11867077891,11351.9584682439,4892.60535453231,337.633496933452,1143.71790729978,18982.0522282437,519.997258050238,43869.2648053205,105444.277506017,2545.85091428593,38356.0345433601,40367.6273498709,4890.26172933096,10820.7453120651,91.3062501486802,12112.1333964918,36006.9205855841,55.4075007332967
"bin_m17.vmb79",149.61176747412,308.304685291844,191.387960062325,35.2650672599113,381.423346631464,69.2728337416919,703.920062720998,1864.24130426725,211.175737398091,2000.78416560315,1429.83406739728,989.062077232722,3161.54190736076,12959.5839345801,7156.72988456888,15238.9847865873,3743.41295740383,449.973059687356,2369.88370323381,1436.97552665775,896.264649524448,562.731133406813,651.376457349455,104.363934484549,699.279562767685,4164.14695779207,479.810314425739,1481.62295559263,249.251841422729,2368.86443969355,3523.07763758399,2861.94510604669,7155.46353030806,18630.6131961821,28299.3108565895,288.859797282668,259.835396458578,371.344825580771,120.934095055037,846.627383568369,1003.58339668707,13613.258597901,619.440799712886,2115.98124859236,2242.47738880764,6015.6058352086,486.916117023478,749.1088931309,422.038990943706,320.639562667024,222.963403951051,485.041872246208,1153.8751262935,451.165307764844,233.716775687442,561.458783428606,410.682072522055,690.589498299066,498.032727630852,1624.98565895964,1068.50379716157,143.747042463774,322.019217141856,264.688623783911,702.499965999622,1442.06595747711,2311.70706014475,3692.72715164274,3098.24039202501,376.318932701555,124.139221344801,275.174735570136,648.877354107737,940.621123957471,436.749652046549,28468.9357931695,72234.0501560184,8538.8911214218,2291.09773309761,101596.165473832,1039.94886235543,2545.08756185414,542.607167562139,20675.9028951082,806.88243224043,54033.5761798406,639.763653003236,82.3226551271349,336.922403645369,185.347510221794,227.063527046549,101.000907979617,310.469494146807,654.336049650833,212.574540299198,636.399244694432,101.030886570986,422.626328803372,882.586489057382,692.810889138345,988.122458489643,199.79057018305,692.506997033041,164.859565963841,75.5724399621462,827.995267003997,758.710921627896,895.426190750192,765.073937842926,1719.55966316697,989.742727363321,131.884360755787,579.374097922479,541.258991206082,530.206725541728,135.222140309405,440.022165949305,1187.0193148729,487.04704082391,2332.78259860528,816.914766730277,307.873395728875,1123.5193779767,26.6048919071023,152.416119037961,536.506152495243,20.3460732885531
"bin_m17.vmb99",27640.4928469927,21386.0907771786,80563.7099826873,45720.0373752016,3125.79923594409,15477.0887702156,11847.7382584354,17639.6493638903,15822.8139241963,15935.0768922243,5511.94823171547,3743.35330233674,21155.7998020126,56370.7329124142,12651.7567138876,135.834889078204,1884.25816681415,28090.6784943537,28521.8848987648,29382.1642555983,30612.7825582337,49423.003784548,27145.7138584478,83423.4789968985,5712.41657188429,25313.2973883565,39884.485800171,10345.1215440971,25562.5564190242,4481.15557354298,14089.7481257888,2630.3405703951,7446.6037285265,17102.5810530437,1115.85215958455,5288.96765198247,11058.3412896746,29726.1538995804,27699.7352118503,32.580686319225,146.048770183136,22448.4569381619,1472.42853268396,35251.2777114575,212.790860638393,19988.6316011816,1926.41645283469,384.981013607425,16810.0383135633,1137.49781202374,1109.37818315275,871.604560124995,168.861727821988,18253.8641826964,46335.8969067852,939.027921290996,51.0926308453428,917.176873012994,6342.21323667739,1014.44478549554,5651.1803990214,5296.06284496153,2771.7843484406,3511.17390086871,16451.9742082223,19282.2474426543,25409.3647600545,13530.4564625574,7425.26683956654,2822.38691402392,13405.8822670702,20733.4663034105,126.825594362628,212.397724381353,25101.8542564683,515.480410058757,59.3559963752078,707.272131416681,6859.7740004951,211.954382785875,292.108058524775,390.2802735406,865.299230720909,847.914101455874,453.179843287034,422.922610166768,256.844349079208,16907.5626829955,7944.34374157127,34755.3302847294,3223.33842048691,3566.22058273978,11386.6749979894,14062.3186639558,5574.88181057267,2165.26216470527,15650.0641763646,7146.18848309296,920.928071778581,12012.7675242756,55.5579264467537,10824.7894602581,1686.46157791787,13961.089702867,47180.6377665664,446.575253081963,1766.7072581003,29750.9525703946,120.648936659007,153.459140545414,520.958389752505,72731.9135877444,10208.6955680433,35857.3478072907,8640.89027456481,37602.2452417332,16155.3437970479,13712.1177027609,72329.8401008907,891.914951393955,10056.5817591357,69014.6242309957,14309.8782730726,54.6764938988256,21242.9612525772,31352.9217910058,385.331880025791
"bin_m18.cct36",125.608730257614,65.4920703224141,70.1560172464334,106.279747394852,49.6222723734233,181.78029556649,75.3066455532879,72.3135610122729,130.341687566434,111.839017296759,88.4935626670522,124.22632902811,153.810761777111,516.755448947733,213.929853398788,9284.68682711394,480.728123892005,749.612113247848,907.69443692347,1995.38009416392,890.206455034396,1094.57915996168,1565.42771446613,463.482225305348,191.308095209801,542.392468009821,1325.59968459055,630.179361069173,398.730445315591,196.875622564441,1173.20424914779,945.407392071533,427.606259321612,226.72413029144,434.038313890706,243.251055038619,240.703859625402,634.565383059104,308.995578340838,78.4298532533532,696.348918734174,85.7116769496463,24.2561208936701,98.4687586483383,24.7425017908733,33.0502398790865,2810.36628103453,1275.09140909436,5006.01268247451,2462.14128365318,3596.49704736935,4561.85433352252,834.66234298556,1386.71715991221,1283.95857393487,571.885736251411,1538.65429234702,547.918040159176,937.996428515379,951.425635192189,709.125416959822,1183.26363445834,115.027231442652,363.981042628709,2027.79097724244,2045.11922262355,940.628763648387,1594.73533065909,1192.77779929502,782.270676199283,82.07732871638,1501.49989991587,959.560252282677,140.575063465003,362.99432728573,3000.41307392907,75.7909850067949,3157.36263364894,245.872086200444,5015.46782316993,1729.96336000795,5290.21972636009,1531.23422212494,2881.77950771392,3617.46968277128,37.1715978570852,110.109149571814,556.284531562288,2791.93375598164,143.890899529086,209.009849119256,690.367275156573,474.848411752724,883.422329385055,832.323985312525,1023.71687450357,1144.77642034808,164.402343456628,1095.29273524428,61.1030473063232,533.213646054678,62.9269904622281,73.5432047725866,78.5748396484208,85.9633438662895,208.988196537061,34.8718410359593,555.571283033765,89.3884359805303,361.478635577754,70.1870883155357,700.695699002724,438.24352328962,721.078698163915,745.229343073482,829.464375006141,413.38078283362,156.929041862563,899.229919071269,521.401964313734,94.1518800017454,377.501940222422,870.223399952703,4.02385892982106,390.620348991349,445.954041173748,233.677266789573
"bin_m18.cct47",4576.68952076825,3232.38039728201,5237.80421080349,2111.43647414388,454.19231983771,1603.9810557636,1366.37342208098,1429.18166019371,12572.9399757856,2936.91532827185,2407.8773457986,5707.64399455689,197.044020626355,1121.47236517079,1167.2916760598,113.464213705496,940.729032306297,1283.17679176773,795.476258195089,1800.21611189133,6922.50499857329,1371.35420221391,994.031691356432,1284.69558717,143.395677754813,1740.9773163253,1336.90379337353,596.569472557917,1064.8509247046,352.945758291831,822.428897906215,1581.01115302872,1513.42626793539,7102.34635041812,281.177180682332,1379.1410019464,3328.21061848825,1995.72284841865,3440.98600271069,215.336483636422,2545.6941709994,7799.14302631914,502.811977168122,4604.79332283514,8296.95872463705,3187.38075959788,1741.43172435776,15440.7053159301,21957.0260613441,14410.5258173531,3293.87411386847,84.1388598498054,49.5297673700103,919.822089362374,1363.20564407541,433.86427703835,69.6053136885843,132.272226349237,1062.06897597665,326.269863783542,1549.32332573073,1443.87134739709,396.531881917823,817.529187060948,1423.20443662451,6412.13159040589,11555.2672734537,2101.47930208592,302.598061569092,1667.36114228287,1799.43659690687,2831.33507776764,31.9541887998606,42.9878248672824,1032.70573208168,269.230251224174,7.99725386069955,293.157147140146,732.203128851348,64.113282776029,266.426282527185,147.835437275989,414.429371440315,438.91961442819,379.933712062544,302.617134455421,443.011075461174,1866.30287242115,1915.97976244722,2442.1052150786,966.532076890909,6835.3427735133,1943.23762898272,800.811462527138,9628.68398977948,726.198721689083,636.000255702624,207.923361496387,93.4995573222043,658.212517270731,8.22777144014039,1033.24788920655,3314.46541378182,2230.22986930214,1910.34194032146,3762.43503096773,741.497811037142,5943.08334382917,418.411079754467,130.921122853619,150.108450827009,8293.76003869072,1213.54910328617,19798.4471289866,9402.15860863716,1800.8828816167,247.924248733435,186.895623252765,608.904619506991,378.420604251056,230.75921636602,1831.59003028073,281.794888583386,3.00304137721366,1278.10986359227,971.222715780872,1335.22673963406
"bin_m18.cct80",30.8083292720134,703.96151518767,179.033293784012,454.696111319523,53.783494596469,8.50757064634387,192.22000154539,765.892622376765,366.181149394779,40.7866203324872,2792.16876313148,37.6136216369314,6.58555303546139,15.9212634637623,5.49876362304533,1.39056663634594,23.7586241286018,11.4333906631254,24.504457880193,19.2138451425697,23.5011483197601,36.7004371554871,30.4230334714607,7.89166393940201,9.98838428106584,16.0860578355636,3.57812036398021,17.7139936904536,0.73760309307464,12.6289205575959,2.74417716684487,14.812343090152,2.72747473212424,4.54711986352825,17.5420023997476,3135.96811762675,209.456430758771,1184.17515757193,439.358483473253,19.6976895592658,32.0112886980113,933.68170455096,10.8005018507474,2628.04770594411,15.1295453968889,593.221854739016,363.345537084254,25.5755238114126,3653.31870334094,66.7322008965142,7161.9065480512,37.8921941323585,12.7847621242372,5.08868922019204,18.4785548694419,12.5758740788876,8.42285244856365,9.02325924961747,27.6286290130493,44.9780987076663,140.332997269912,64.2208710395832,4.72702492774473,931.926910812311,7.06271789463669,7.82964435342376,20.8637856414083,5.91212313657621,5.54490721277283,20.1026913852576,8.76992931542946,6.31319983382404,11.5375272847365,3.0890415281144,3.82758593168053,5.37137527068328,0.30761210022284,3.70007856915529,27.8048127218742,12.9604821839918,5.90069331904768,19.7865509651177,23.3969120682263,24.8546697556247,0.17305828510961,2.97924570783213,3.26890102368351,14.3936463318379,35.7071559166999,18.4134454439375,18.4834185410621,23.534299221871,103.206926690722,9.41294541576087,1224.48285713896,526.284668264868,14.6715642742303,1685.27072575739,1941.99428325377,11.9426689444258,2.1014198528253,45.2011822468439,24.433148337737,13.4728073989889,18.6521983464498,5690.1768128291,1834.33135553427,167.624806628283,16.5341006472703,397.188215566156,54.1718559815719,2.39298883649164,5.47509268184072,3.76934619705322,13.8357636141618,3.45682893299753,37.4874958554891,20.9015816530398,32.5832964656513,35.4464982554599,5.04846499733328,12.061955472445,10.2887730420137,0,6.44066976648104,5.55431779610027,0
"bin_m18.cct89_sub",932.300057577045,1399.95824049243,882.209225282492,213.128993901792,86.9138329465794,17.9665531010029,372.461366400788,4457.66168555417,1842.3877910298,588.379851227235,3963.74043822207,1958.55113482961,28.4696268797428,19.3267875758647,289.758835487389,39.3250913070432,335.028758025665,32.951357250916,122.731193539165,26.6326652160068,104.217011144482,60.1771001291533,153.52374853994,9.73878725386471,111.049109014377,45.3392159473385,102.800189467732,81.1827453673967,2077.82989728533,21.3361187336273,30.7701621058707,41.3555444785066,22.7222197161078,29.0042910444303,47.9436514851168,43.8718299563651,46.4622102978187,25.6532058904991,917.102995303583,209.986449260028,50.4387293851219,1260.74067748114,1877.75761095939,5146.1209564653,76.9355163347888,88.1564249444199,3923.07613023552,6509.00374375271,12318.942259427,70.2412746759385,31.2828043408742,48.151786489957,40.6033755472393,23.6790709052714,31.7916745555706,771.803609962071,41.1898576711922,99.4702339903618,31.9380996601035,50.8981159282141,56.6221168219588,20.7216270874214,44.3825491370736,40.9030197331274,21.0334524211759,46.6908792428965,32.8341578087439,43.9898707878151,42.9800286793644,32.7974027038618,29.3192155892313,26.3175097791273,2281.22667010575,544.654809773403,22.1916951639559,20.6125642059405,70.0371992977761,31.2194777603372,263.121260716473,129.928664334776,76.1016981248416,25.5663889878994,136.546896931906,98.710443721893,4.86289929842288,37.4116089663626,52.3392542961801,13.1628427387198,37.5157207320915,77.1338281402726,55.8121575416676,64.3673675488539,182.912546032825,39.2865209216863,93.0834820087648,23.7588876944316,10.9397210798323,54.0732811277571,28.6380548441178,28.4331792718602,53.6239483700255,16.1094164760355,1582.5211593254,401.410103109682,387.843713768528,39.6246898091688,59.1118476702098,57.5655901933107,83.3905600080562,8149.93661816926,19192.4617222523,20.3307846301497,16.6369475285509,34.4006495130564,1610.96607549303,410.871570933183,154.573575295974,80.2542463040852,43.2485275758332,1495.6542847221,2219.10733563502,26.1646287072244,80.9514251760111,1.20135779267289,37.7571891508473,66.3652643239307,0.658765124519607
"bin_m18.mtb115",70.5466517304413,24.565112743796,22.9830121254111,36.7294675407357,33.0135254449186,5.92663841399634,63.4632756111812,18.7093171715587,63.9476265009234,24.8104092144039,48.7690790794349,47.7487469135426,13.3642201567816,112.920559372561,42.8071947508044,217.333666375797,45.2858563446257,15.288801475596,24.0134479633717,154.713802075955,76.9361940360186,62.1658319723448,79.8292655372948,8.30310702008184,12.5490272822923,66.7125919365804,24.9225793968356,73.5604457752349,23.35275327485,62.3717465886143,23.064980148429,14.9621716413035,19.8405688909581,341.156704968348,515.104782516542,38.7354985929854,25.5843308845337,79.0691130521469,181.885465808353,77.6302489234249,9.16477653106839,4778.57122293153,30.3332925755085,1491.27529172559,509.010009084866,5306.31720637185,702.798470039063,5964.27696872371,5424.35129730418,1261.70010230844,1529.72278365474,101.264503305668,98.4026631364716,52.680266197317,111.331481859625,67.1719394737687,54.1445961851558,36.4581222120128,23.2529320159089,75.4691347571778,14.7352886983721,23.4055695804268,47.5702276300365,81.4526092410336,177.750565921824,121.960423189171,32.1171727760331,241.893813911237,573.097433508894,121.021026962078,22.3184794175575,89.5235685673334,51.1455633669436,23.1526665922506,44.5057571375562,35.7019289498949,2.22607975119386,8.80794647777454,117.893177460621,21.2915025631681,136.821846053986,275.398747544941,53.9692074866445,43.3947128371532,437.282882477422,505.627360929364,311.250027132731,3.20497591929162,64.7285654071452,53.197335774114,17.023739018958,7.60715243544778,65.9941700245353,9.69160670931693,24.1579838572399,28.8628729437488,40.7407681865442,44.3593604526165,123.785516169937,53.2327052577595,10.9829999709683,116.433780991247,33.7193432858786,62.0787616239419,49.7717970156413,727.456908893281,2927.2933385035,6238.56569380015,1113.47260498142,202.69056494892,829.781007364019,15.7538527028785,28.0650912957346,7.45077746042965,111.06154290039,7.29628838269939,47.4255057289675,24.4554244478964,77.3278044594092,115.78745460695,30.4449600027473,52.1561856078909,36.7317273810739,2.26241709076107,65.5583999919045,30.4251014458878,222.204797011811
"bin_m18.mtb136",25.7821997773935,36.1815881129249,26.2702109939572,18.3848475556404,12.7193100992666,188.419227584025,437.795861092294,320.281968706416,577.052135294159,314.113238462039,390.399660314194,501.262809476466,19.7356076937352,61.7307522051028,14.7773621664287,472.09168135139,31.9396325264965,30.467785428527,22.9388689848478,45.2947554098283,55.5780905295638,27.548336621592,57.3934125871342,27.597520712267,416.003072345551,95.4689705394166,17.20592654078,31.109665816208,13.373462029064,57.4153006854967,461.920112754779,218.571680110472,18.2084648521705,35.7923775439312,78.1172563390582,151.903447544807,291.722581829069,85.983162906917,115.204246173771,2312.76017128831,2532.63631648586,181.664334777086,63.4906367089105,61.368401572571,108.601494617794,29.4826342183419,6099.32466499315,15777.4628530676,78.922253751846,142.386718982218,355.678572064095,268.016466522624,149.317508193562,49.4743026237452,115.24032444979,565.075293860659,355.721687873406,64.3732296147554,20.7027164410318,5.21417333342011,9.89117194052706,17.7189311147193,362.734821774168,179.280859266702,35.8179889075408,84.6370237366112,53.4527134875648,223.975062829512,121.050384299714,25.5920196652841,7.53556594328735,88.656632988723,1624.02838512206,160.020941848422,416.48144187741,269.106411855258,1.33370379847774,287.917257861239,37.3972374454135,317.777381974071,118.730440152091,42.1140633325669,36.4266243037845,776.768257338898,27.0798460258249,16.2720887633506,39.6553985296563,20.2492407403396,240.602936803391,108.696549831038,4.90099907418168,18.9232064011567,38.8199802844428,31.6718196673352,1952.36960192617,159.011940665711,19.9709032023424,108.135892282004,83.7947921856416,11.6657241112402,14.4948647583606,17.8797470594477,8.70436780647892,6.8868323017419,21.8631774130405,7056.50779028869,2785.85240896135,602.035936709433,2819.69605412255,2797.01856574741,2548.12861037829,28.2174109518465,7.31849077932284,27.0726428449985,21.8135531714131,27.6395826293034,39.5090874281455,29.0104051049237,40.96986381415,99.1088655004785,12.2234289678272,21.8492685270266,58.8834831100155,0.164299935581252,29.0785120644978,37.9468824276501,7.567891703269
"bin_m18.mtb158",483.540200168075,417.607085410009,604.787915872414,604.352393462531,334.834433319066,1154.0723398112,210.434047938177,432.235300587457,1403.62078835264,1025.79233675981,648.129098744684,820.475358670772,264.410466095269,836.383704450568,573.360785471763,430.137091965311,761.225878986959,3648.88116625871,1331.26447909727,13127.4585263995,4033.23846042437,2104.42601707725,2333.66969378896,1389.31610082958,157.346399865892,585.126127113303,6971.26792039438,1287.99081962124,608.090032605151,182.867084503725,250.066344522895,2062.01993587246,534.814647656065,2137.19919145316,175.876883845764,3938.18495034679,2388.77200194184,7438.35985990707,5002.57353508515,374.68774144556,273.967923694698,754.511342142473,34.2559356347112,1174.72407873518,967.716996049997,291.597007615947,4278.97292706237,159.431610416495,11918.7107777263,10222.6097743883,3709.70752483624,203.425211696626,26.4897362858759,1066.76865685944,819.451934793573,372.426229954165,40.9955440756546,69.1246255278657,464.745275650159,370.838412111871,1158.08077749287,1267.37771544935,324.088361359595,674.339168152803,467.578180857939,698.533875655727,6513.9918163006,372.183772252516,241.00024714869,576.520373975624,482.417991173349,1047.04700664334,18.9521034078671,16.4335205030133,647.18919268636,1228.36959369628,16.2556854995697,706.07577450088,530.885315245863,91.2187453515936,970.306437048592,337.96535386031,452.449197437265,732.002610201865,1127.13331100519,914.888505857742,3887.39010940225,931.289104071807,401.694485298851,806.980227444896,403.573059472415,751.073035693865,739.634728289791,287.104233605959,377.211356107043,456.910320252648,756.80056382889,343.307169630936,91.162080052004,290.047896919154,7.20452212012964,614.91013207795,331.956385545772,404.961198657514,735.06994615811,778.673123171933,196.349718653771,949.815434033074,96.9753017698283,98.1084628599959,228.140124997203,1288.1205808964,119.336983838123,575.586805361207,359.207879227617,2033.77301438802,590.779062908386,314.894650714864,893.289553433633,384.087145760162,1136.20178902421,827.824301688981,2854.42878509861,2.36542777942367,509.04517203465,548.455706329233,589.200162928598
"bin_m18.mtb175",344.214824025804,875.837762073373,179.688195099037,6857.61295674238,13620.0227748237,6212.56390595975,10107.210763009,2388.83461378054,18191.6541610071,827.149802372198,1145.75569680717,1221.54246732331,5601.44250811093,632.427723484031,484.591322246846,708.937271524176,884.468810880002,1541.87049013394,3505.13095386326,637.744092566471,631.591327418401,2972.09561068299,3136.52880382233,512.92202393606,6571.23776885224,1828.0987597286,1468.84640292505,1521.35524870695,2915.22977979115,4615.58393384385,5173.01436264632,5106.30500955363,5249.92576836168,465.447203083507,901.831672050378,2110.60375034208,1369.87323356396,1117.20817559942,897.322610181946,2555.66122427573,2044.75174120775,2575.06726460987,47812.5843678532,3552.96155594185,1262.80768953875,31020.3786099239,2795.99652992084,5554.11040235408,4559.98578170123,3494.0849418977,11851.7488734858,3968.70554290798,3056.55504178479,1560.59755268462,1171.75679988711,1952.99726233445,681.651373818642,3460.5869490166,5457.78781984971,46171.2733788514,8190.43802164461,3057.00119933968,2714.16222880984,5475.12808420645,1085.47042130791,1501.2535657517,527.094026760627,1494.66549159665,1401.96257408633,1489.62060209704,6539.61184338429,345.212769926905,3470.66468112561,4904.11949591099,1646.36123177019,634.248036848694,2667.80159324281,609.877379588386,686.64766949559,1419.03232236738,702.474713551741,1480.61455024987,1866.29552230408,745.102512333595,181.826940487307,1028.46250049304,786.816163180528,616.937767522114,6374.64426233716,13787.0879452665,2325.67617925829,25125.5975757176,25673.7597014971,1257.23151842312,1158.49252168126,808.001013425182,311.707223214385,47601.0442238399,64410.7055255827,1252.59595914943,1340.26429344387,4391.89462942829,50461.3842249871,2388.5992634013,544.929547418913,27378.6948861483,1975.44564671033,2326.48992621922,9139.60506305453,2467.36868110679,5665.09097208002,394.824105426326,221.760711654223,385.209378810697,811.741105254192,107.793482795863,2285.9776981288,1349.49268501059,895.366041952267,2365.01096412117,1344.47528878439,912.434217228071,3654.65331345991,23.0014056221272,1612.42803089116,3139.57287377862,14.9294744426907
"bin_m18.mtb188",514.06973646311,448.217812491754,3286.99202341388,618.779051590797,639.777801741067,1005.28940681429,5628.97704671738,4445.49407585136,11484.2046818661,2780.4255241903,4779.06693144353,2880.56682217159,147.922309731936,3496.49930362796,1934.44201910797,87.4711965755382,1834.6974827379,450.551299517194,1464.36196442609,3647.93354942977,1140.88670314437,1258.09928470018,969.222398284437,1909.11904677794,1584.90136566636,9983.64229324352,2405.68793840457,4480.17724073923,672.903906916667,1772.40699514853,104.714580617249,1189.34030639868,210.231642327593,2363.26435306312,1420.43600981318,6222.29228610667,3931.16216836177,7508.50993713394,3466.98528227589,906.167874695,824.295904574981,27552.6960623756,1942.02911111053,13441.2381275725,10575.2857122302,9958.75192259703,3772.64913689104,1367.29481277022,10265.5073027628,13035.5767263697,8996.43502649693,7899.55591174169,299.701796709987,593.413570701837,2113.08944028547,405.565355401084,340.887068859751,846.904046056797,754.904108772886,3541.89674682146,1678.42903829451,1435.16830447415,1102.72936593369,2677.2580556438,2326.34927794619,4542.82171159767,3251.98080613622,2448.05549660291,1918.91021471195,1983.97781611597,882.857878286935,15800.0828751654,2462.99416290299,509.561817649998,1177.15610806012,90.1637977554152,9.86396368624291,87.7367856353321,1515.7128953885,115.00487558172,118.258158124669,51.4352036620809,232.577815247337,185.687172685359,70.365487243722,33.02719557551,45.5390607505636,381.73746105009,3796.08321114701,2144.50058148123,716.51286273664,406.729670733453,1381.01813706304,924.433398843558,647.843866760182,2284.63063465183,1895.35975694074,407.166894652455,2884.64647469174,959.555782875308,323.446248354511,2925.98907543589,167.167344835232,1587.68190338966,2910.03922332801,11194.065523456,2165.98498887549,5970.12572505595,2840.53327208875,9655.10433496505,4063.16950914491,875.089107711021,367.31385302182,1076.87352817277,1399.33054871337,604.831515475178,411.190806663854,995.327841609993,2795.47979233864,1049.13866124966,521.155015608443,2816.42817387238,3116.04989491775,5.21298844190365,2137.69067028045,1243.77420958699,22.086533595067
"bin_m18.mtb41",4.24521119813489,1.81829081346165,5.65091281500106,3.19052527514411,1.71886707113703,2.0509208607094,2.14254419906952,5.78378243035211,4.46721611216792,4.36389089513929,4.20272211454021,1.23744969639816,2.57238342090977,1.16145468731667,98.4116135431263,26.8313314092874,278.687573489031,0.278021594785994,1.33242252433621,2.45622163254951,179.944659084842,1.05648100300857,188.075014810239,0.375631530247396,0,0.331843742116146,0.400236106025542,8.02602838956762,2.06264295030729,0,0,0,0.286017977411127,3.14150748703151,5.94316379218862,4.5588803897903,0.813509314376742,0.421437215461872,97.5080750833566,0,0,1015.37323517767,0.345173312412897,3.06821565699098,316.174367921237,125.155769020427,358.507201512039,362.495495183853,37905.0155548072,1759.77112539003,0.514466060643418,2.61276726498136,3.76331328989169,4.98052701474381,2.12489869711685,1.0047811139435,4.20961083432656,2.52327603487085,1.35843622050002,0.147973346272297,0.554017456364664,0.936981312598125,0.826169651290431,3.30125890684733,11.8501660951473,1.39754808635087,1.22828975648927,5.72287104476672,8.60324644717821,4.32923422484779,0,24.110749794517,15.8488313607733,0.246806748236068,1.73932060762801,0.979603314723002,0.516126303626812,0.544576219628971,149.736073131416,5.12399085294413,4.45520954222924,0.295100641468097,187.122453664094,162.32529356732,0.774307928207097,106.877416329855,94.9668865663256,0.495391767687804,1.19226219084961,105.737401883972,0.18795372253355,17.3742683629618,467.789612622207,0.385207080697567,0,0,0.954133825553475,2.1125763708817,1.79376325323314,0.290405529187333,0,0.451432778793816,4.33602078635131,2.00151280070166,3.27273736502735,1.26316463976177,0.595904766259537,0.438082434335236,0.966129042537099,0.178857057684901,0.704590174829748,8.03014238974301,1.06508667033713,2.57660310718414,8.57465369743729,1.51905626783608,12.4201382177471,2.79758083327473,4.43456034066824,210.016966394856,9.88231554893738,0.574131238567894,0.690519832631141,0,0.654937210630216,0.258869450554515,0
"bin_m18.vmb13",1449.86612404447,2801.81616176733,13891.8646123261,13347.8204998663,9898.57605243003,39.38951415916,4124.34533211704,1661.50493321654,5076.8029141224,5878.58087661669,1670.9610101281,1678.97306090369,60.3982329471756,11.5228074200426,18.9803706050678,12.1156687706293,690.464325657839,248.379808009485,84.8387060455345,84.8859460520124,781.628150706501,110.332732567077,931.115632453424,10.7179554052546,14.1990380132707,66.2073034392889,13.881209033978,82.4231272780566,5331.53874400368,293.433878795424,271.528397944728,4402.31557924429,262.183765787589,290.768761546528,263.972478664403,3892.42042487674,3178.44225128599,906.846069842402,2280.58926380364,466.697645794705,56206.7465888781,1197.95328669843,756.496340074915,25708.4487061001,5651.39763460473,6237.32120171252,5828.10705999405,219.726962830422,24205.0528587266,9947.4864227073,22789.0228829188,7750.11130757191,17.773113726303,157.51128933426,26247.5976173379,383.579242623835,6.11415234738222,150.448996538448,4843.55649930585,29.5550325029362,9025.93036004502,2515.39848918752,1433.90284548569,35.4426745476289,74.1019890091109,59.677194429968,52.8726156318967,33.4090876455122,74.8047908765283,4461.45789544377,4319.19050652106,34505.8885773909,1449.43434116455,177.997094418129,4963.22663352242,25.188190096389,6.26308593283186,36.4350604009318,762.339225666643,37.6268466894099,48.3807440706749,50.9564521612685,1048.33368722257,819.738333320165,4.38059859041867,21.0782243803271,113.225020362983,199.353562778054,2765.80421172224,6133.01387851765,216.92062747669,76.5629974615416,1219.22486708085,174.721800019381,84.8689031683656,14.4127818892467,1544.75314294806,38.8364100894666,957.073287427148,1752.38591521907,12.1418639281488,12879.2945667787,842.643121648446,633.533059225753,58.0951286573585,4493.95044792469,8658.65530614052,14661.9249081457,1913.23877919107,5263.67326462484,201.873755246514,987.719026761853,622.345998101939,5141.34940120642,10766.1562108462,127.448850427359,1111.47770042489,216.861286065105,2591.24780176303,15479.0180644588,2273.64870168363,2708.92499987005,12.9086749735004,1.37628566701909,5445.5599758757,1576.35196674462,20.6281088381054
"bin_m18.vmb14",7.80204149771006,9.61321673750061,4.41277827616174,4.73914826315198,1.65523562871799,5.1964365073825,12.1905787311554,6.45106585025417,21.6245871521403,13.7531200419756,12.5054479322528,9.23048158337818,30.6766909859379,7.29069128211194,3005.30932859265,308.003996373032,203.00764503083,31.2945920621973,56.5377358198063,26.5438521994331,36.2973921201049,79.0642373418649,38.5795386003628,2.57227287573135,4.25049055041291,8.49001415677789,2.22686881204056,101.549284010167,8.82793390290537,4.2738416727561,5.41916574679052,4.07744341153012,4.651702630917,5.12204992639868,3.39149711611602,716.544542555958,3.13357472270286,6.31300225091634,17.2956024844943,0.664084401167537,2.32196440331744,14238.1754846034,16.6936256264256,55.1531330549043,4921.10359497412,5611.7890688192,940.107772690371,350.330853494933,655.825242483881,5940.55900364028,19384.0336152848,31.0622736549053,3.86559750139671,2.03011676198492,2.48028630792124,2.15018824742773,3.68914839844,19.4389267867964,3.92444314502789,11.14631157737,11.8557346173616,9.22345814513141,1380.85327441853,3929.13741783147,5.40988679329503,5.42312263258007,4.46842807425516,6.74929090531382,3.08270115413805,9.45795846563529,7.7252092343029,1.72706157853666,10.6592563153289,14.5770999806549,3.77933371512397,49.1933808495223,1.03085549385484,23.8667698652,350.481797754562,57.2325745678219,32.6273170001849,49.1309057803591,52.3644435662022,40.5903703779502,14.4157744616679,4.07506568020396,17.4751800228955,9.64706485019928,43.7308188737025,39.2583205753415,13.1925817994712,5.40802690051673,514.502909450316,0.659461230907199,0,1.71395619657434,5.96207128532639,3.235957027509,2.63216639763385,7.95462793231441,4.86245856231707,6.95553606887261,1.91201523610725,4.23276105528931,5.42772552568723,13.08309038696,10.0996671465605,6.74983810723668,5.31636295291625,6.73633645176539,1.20623406801587,6.10992297685163,19.4874980423705,26.2658311678299,1369.04344424413,33.2163958460643,88.2700803418135,53.8803209068598,56.1675635542327,52.3227004929261,4.66113211680577,9.21462066104706,8.0779985389909,0.199558596111894,2.61620311526031,1.77270226910477,23.0528430264572
"bin_m18.vmb26",3546.90197324026,97.876360459939,137.455842530382,21.4177155519275,52.9346913723541,29.8359158432706,189.529179207848,267.493813470818,965.294643794054,1815.58177246429,97.758146607176,835.33053104289,17.1471449821655,28.4909025794666,22.9599276325847,32.2109771521695,24.0416510352533,43.291983741566,88.5128889238715,61.125220384103,33.0432237764763,115.092174289637,24.5195169398327,18.6290665029229,154.081269018325,2431.02373437255,16.4343713013402,405.131574275217,4267.99864771657,33.639181937627,10.9467037606498,41.0850802525388,11.8969062397799,52.731043882103,130.192967803603,1049.94704499026,39.9113540571164,194.62421811384,2466.42947280004,49.6461549587753,21.2162230534598,80.8281435134669,799.048427338108,231.091429337616,157.411785887432,95.7866359043634,622.854159212433,2400.22914598502,108.65426301244,36.9145798296978,17092.3601340642,9015.93503853941,73.6516606409156,97.6381204775269,35.6424664013335,115.200941466434,77.8215968648822,158.240697918822,18.2913912902126,55.8679656910543,25.604815291801,24.9831409767329,28.372735525974,55.4026517051566,314.000130115727,27.3265179237333,129.691682754881,273.579432947516,41.8240495352605,59.0599674151215,23589.3785013786,21.7340311629667,43.7072900272274,38.1681519932777,41.9526811500422,11.2836628755161,2.01838274113272,3.13637897093778,33.341894675509,14.528711089676,12.3190866961089,70.6582048589151,13.956160868627,14.9452694297395,7.1227698301422,12.6936263592716,220.987066752205,8.71783871773898,4475.87756195596,718.400389073509,22.050564776156,49.8633728831913,47.0441065711172,42.4532361332662,64.9154999725748,32.8201119415947,9.05681298144707,40.0822062012343,52.2007269191342,7838.60548999195,94.2205307428248,2185.48841853703,274.528825646197,1415.17278244179,2145.34665180348,85.4132639933428,54.6577073512107,180.818518013459,45.1909606690873,57.0365661298467,44.6374244888643,11.6571645296214,25.2039970762842,11.9914632021462,607.374388212776,3.09297615067041,178.281445021535,268.215535162056,2527.02363265508,84.1342624029371,72.7035199886099,1542.31236957746,20.1300500618308,4.22698250565353,228.763678226548,1196.59121371141,67.4454108724163
"bin_m18.vmb41",8100.57964797499,17468.5661768225,1141.41560131918,1146.11697209603,136.952444047943,31.1450687594273,24975.0000503265,5888.20518342953,30804.1139702129,25020.5350687796,22869.5846050359,1725.25858774638,22613.3978278154,940.678873649621,40978.0538597439,340.454648052143,10902.9415112021,1040.36356741792,10918.1981014736,10114.0256396762,28822.2698424264,10173.0658333924,5891.22531747704,1055.10803640383,448.041983631272,7187.51202946004,19095.4388602411,36478.9033482207,37.9174116398649,35108.6826415992,3964.94624556338,6011.29351362998,5625.99171596169,29320.5796562745,22445.4432733171,10139.7438298202,52.6935774284728,1278.08554952433,18077.475033848,115.024133931526,611.762770734042,13880.7869605408,8675.12217534922,7083.19070454873,27643.2427627751,15867.8762609595,7616.13204881488,659.044613529057,23436.736360731,4368.05666944942,8982.46573566435,20042.3563694782,78.2042783287126,832.63481497172,83.66261798307,1084.1566111253,101.938265492355,1060.30506225161,86.5199471534464,4218.64902188954,3996.10967527407,5966.62077547456,7997.82487220754,97540.929537839,38866.6782567441,39970.9488944779,43049.0337769996,26831.8758172824,25034.5029033319,56.5505964873642,2715.36393441681,145.739713634461,191.592903157154,309.701617131592,142.291435121702,211.658949374047,15.297538269223,326.333709574686,5905.40251140071,349.106921802283,371.087793935093,138.126355294271,816.757130162763,640.410715043212,24.8515594400741,11.6528589371854,330.807230121976,782.487590555891,10659.8916228496,7380.63256165965,6653.95979273247,8913.4604074237,18162.8714567475,117.122568504307,854.686007612409,51.9068684631231,1928.32623779309,3834.10055100848,23298.4352527878,18923.5431672471,76.322803460234,8112.47660636902,11097.9202542719,18432.3536189502,36083.936618177,17707.2687367749,4029.4599752069,3574.06148056857,1227.91364346015,12814.1163899844,1641.86112185993,10.1397896508855,226.320409107987,298.25757632428,300.356745247133,271.796716339498,179.754124671135,186.066129713151,121.975695284796,861.363989375936,26.798536763449,53.3446573271396,32575.1691671422,23.0588384426395,90.9517939633649,2431.11475467068,40946.4971070814
"bin_m19.mtb113_sub",274.642291966809,599.036129209118,140.897516479375,169.825331152555,682.091355599579,194.156698808983,755.122168925224,748.550522772372,411.451293694234,468.272110079656,617.220731473954,1427.53300393111,315.415797095947,377.758523636203,415.507178549797,225.985800806728,416.048780676841,647.210357444247,759.002923305682,473.673338909614,204.019261140241,410.433184446659,435.20202949793,88.7575629039976,614.646456703892,340.535779730337,294.229352811364,733.540116870814,972.502742064058,497.297028479946,380.012161669553,549.585678595091,754.355416425926,346.311529009347,690.123074548885,560.437840387108,519.607267772459,286.552794163729,218.370710367227,454.362621881447,664.330734590096,203.49348050563,907.494252379123,306.360817925001,447.914374179567,672.773644024182,664.9191748505,1930.16672405894,463.65904419689,301.408943769631,491.196564698262,1042.63694049128,721.052265404256,397.214826499389,245.113283572085,10056.6900435598,18627.2837764936,5532.67369151797,376.206963846756,1177.09185009389,409.637142130798,716.819992632716,628.576341279894,472.855634190739,309.219293874234,213.462945207745,209.605796564572,422.660761218857,535.303956728724,321.638272126951,404.105596086008,142.438226885262,766.957336409063,990.930367232796,375.487088306319,173.700825567421,715.731219008716,214.982744177408,2470.68390972299,463.162669797483,344.464259537318,516.449568580659,700.488907969319,245.357455175513,93.6941927913938,445.224229303196,212.065171958562,134.299823381708,661.697161447732,254.18945891211,436.16928067486,380.674998303571,364.349535663149,1924.65122392798,611.406189356465,300.354495138929,153.91732273812,909.872330345152,724.469952875009,555.792320574786,661.133927677308,256.184125872329,639.628630284235,328.216119506413,99.7719245790936,8180.95366405153,967.336534888241,1051.33354038963,1434.11429108633,1066.05035199129,1592.20049304183,105.745741371717,115.991569988262,192.813600285033,7278.87095938292,85.6566463461902,537.275756641605,417.615794992948,169.409875299217,1053.6057966526,24901.7416302835,5415.25151789731,546.506487778549,137.572469789191,7511.40530366529,1329.86180578417,1114.44708424837
"bin_m19.mtb139_sub",117.359006471525,172.299088028844,97.0917618567267,129.548154018655,196.702567600791,184.030727001692,233.144895413212,327.604990307082,232.364220843271,470.384972874314,261.165328499427,229.821508748704,53.607060774484,84.3367094042662,93.909005232799,61.3161114034581,121.598835498392,31.1667433496679,111.145982584268,49.6313919329353,35.1462257596164,55.2813644927418,57.1218495607637,75.9658710172836,182.620908303562,172.859547272927,123.467028779504,162.262950326891,153.303785564985,169.419427601579,174.138279534589,199.301377332285,149.079958653105,207.228634979838,170.365880634606,162.602893800907,186.957210133451,172.708484197459,205.979640592666,208.983671260693,817.295377684956,51.6913991815152,129.974092361191,63.9549316598545,70.2274374964942,111.160426265609,92.8558267412396,161.445274143316,56.7959890379638,45.71989720808,104.951479263764,217.854156235455,297.86193626363,211.332352074971,128.779900582814,400.627669538649,157.589860794046,321.615316293482,76.9783480029807,163.511175325017,203.078063952913,55.7249519670302,114.191452339522,146.6434404703,280.499533296665,98.2090741757452,177.665081407939,172.488548380546,109.925960516755,403.036428542324,146.504498595526,117.605722762894,574.563359132269,282.249042332589,241.59747209443,55.9669555941561,194.345986335661,64.2234092180526,100.194633982649,191.367031400393,75.2781048909071,106.454044651089,231.454377853879,98.3722046769381,22.614460574129,77.8041783558452,76.6577986730955,33.8698497902083,136.323033461104,141.812147886728,89.4508795011085,82.0670904782914,141.73712988642,124.485635674659,223.559161826956,124.45725986224,63.901860239609,246.137846311788,222.392216072477,492.737301982801,849.711593268238,180.440773286275,236.050932502438,133.241315326964,96.1436168137609,219.87387168295,121.026707493245,368.234037565339,287.112784035914,217.247355784405,418.711977351998,281.287743629426,195.826197711207,225.167912818295,195.37292612782,514.439686428337,135.830473385399,951.099079787449,79.8662429227957,175.446280772405,232.795043884575,54.5773469387322,69.0911666804482,0.19146335795319,155.579824250349,353.020499392974,0.489948781445846
"bin_m19.mtb26",2634.34278728947,1174.27591117352,5581.90808467402,1413.27598243349,415.190026655823,1068.46996387924,1158.96208082262,1011.10746015376,4145.35861595296,2987.1535054196,2329.3169260793,2644.1881851224,244.053652874786,4185.24978630485,399.779184539843,147.304367181211,849.858794780314,1179.50926487271,1035.45328736341,5037.67031233922,3252.09002449179,1239.14740601125,1099.30859943114,1612.36023104588,396.931316515642,922.799819849664,888.872683193168,676.261662523827,724.198070566233,59.8860257209222,129.457409566477,186.251044283237,258.018417552318,553.001958849331,46.8798992408346,1292.02521605456,445.558445329374,4719.85857670087,977.62914559197,25.8366107368204,191.337293782858,394.473395403814,32.8752224815062,387.172096964624,144.651228166376,122.009778452515,660.809421728255,104.699491832278,14585.3956539097,389.063405775164,198.596405678352,59.7194916196858,61.3228766195625,3040.07476434464,18946.3402632378,261.379286799478,51.1720754072368,110.843086991244,346.556441228326,227.315580921325,289.196478481137,448.833611302176,130.609034611241,252.077548705965,422.963222439632,347.645598297621,451.627991707339,307.014192519645,224.520474569018,4836.78169980064,504.461408143375,5001.91128060552,17.8967095794234,29.4231393552742,380.726211486417,347.431502654389,8.36007468232453,329.054806956434,439.062116574757,29.3930917109961,312.711891822664,199.324357465609,257.101630720903,427.588313126369,549.278248232561,356.721589037369,524.221763351634,1322.15110189035,317.526941319903,969.43422374527,426.219319694377,828.579636836342,521.528063275194,2315.76235750467,1285.15918130503,1060.1195493972,1199.41630504478,1197.95114200604,524.482333791791,736.067906917683,39.0892894287621,2117.14120527084,1231.68618797525,832.620973137156,886.298361146497,2091.38026655181,591.956543020905,2077.12388863799,24.591439234871,145.896867618806,301.023001148576,3681.3445963796,590.664893412509,1384.16430150333,1505.56682237661,4361.75274228101,1019.17907284571,840.777436224212,5010.48857302275,601.552985090484,2025.91188565737,8824.3192459857,1151.14517742829,4.2293888429606,937.08384167217,2006.98421168433,909.452777240575
"bin_m19.mtb38",33466.7978840405,19144.2047425748,6936.65927267255,3943.51845089717,7118.1670487337,13640.0846961872,7483.88037456665,2486.41659136392,1999.92750345413,5477.81413172623,3198.07284016032,5708.38203267201,652.704606270621,149.927282648628,1228.8704772612,259.498457326638,500.153736083536,247.759285828778,669.688855380323,463.903316544618,885.526390869943,738.140123485371,374.897323655029,420.793791830752,287.851247567475,674.099298433787,972.891415482665,1446.57071783286,56465.0142734065,1074.23460745973,182.535390738693,216.41366222779,257.817614171692,908.626984732419,702.384465888512,5335.67681125468,15238.9956373661,7884.15671703108,8676.17655771595,13965.2127228837,2307.92658214787,1044.65810232451,1975.90266151477,3140.4910537654,4508.06050537323,2605.70734156236,2389.56286959619,6672.83435009026,8919.14012543499,12710.3383140955,3464.78621883052,1869.16720258707,33680.9713148483,17165.6892060351,36454.9071223714,8688.02417163885,5159.8462974505,13529.2170418717,111.642855691351,10759.276681273,910.415360153652,803.054506733846,3333.97879309316,4775.78321060262,1359.23171849714,1806.00826622597,1311.44967177874,885.625938465582,752.669702095468,12818.4882998297,7536.26712118524,29517.2464694525,2397.05971312938,1964.00145795223,4136.46249459423,85.2497030316188,20.6161626937388,52.1191502669611,388.448822392384,174.321343393562,50.6194510328172,285.847064420009,303.942495693551,373.989974918136,54.2803534414863,66.746509258317,235.066596969861,326.204221281239,1283.74587016959,2432.83807973978,549.107945080072,318.818582665313,722.462817148174,497.811739232029,233.576044164219,2642.0653752566,889.609060093763,2521.95096933008,8360.85328793313,3085.82298784828,1916.4807317496,7954.07834883654,15425.3402500988,3576.8009442224,7030.07954213536,1351.1076003833,2934.60400909628,2421.48066702497,1146.70649520661,1793.49780001973,1078.25938506735,1684.41564737852,11396.8592759607,1275.73897345216,1690.89460110519,36.8476230914382,54332.9108531631,63397.6218632105,49069.6040690115,26370.0894341874,30816.1022789351,28285.5873352649,1122.04155360099,29.6131351251985,15124.3602007728,12500.994780036,1261.8955042248
"bin_m19.mtb67",384.930701682829,1434.83998891443,632.536362460811,161.078904702164,828.701001828304,1867.86415719947,11263.9668788239,2655.31925701301,2832.90448513227,3633.2527636162,9366.34952143443,7986.4430810816,186.962796126759,1029.6807338127,1280.33933678589,4343.9792770182,2352.22929660739,4834.16377684127,8948.10162665428,1264.45003311439,4087.30462095647,15165.3728466203,18204.240170275,971.211186799854,8965.32946617968,4422.01981087147,2384.05931483782,8907.97711110008,9208.18866805716,2124.80671732576,4211.57066825661,9387.38964355855,6309.24206217143,15427.8242247763,8453.34807488236,10747.1755733135,9456.01188547631,5642.79490416999,5176.81604777582,12252.3894462221,33387.5282639823,980.360225020445,1676.16418043835,3642.70665442649,1126.1821401901,6363.55641843496,2308.02274312704,592.75196563274,4553.77259868368,506.16642656622,1560.86021887459,4218.05513734415,2116.93053108766,5830.49091482506,2843.63342541923,1977.47100986028,8549.72277670664,15352.0754074385,634.933061429227,3062.57714869265,1889.8945847422,836.582061991053,904.37375357745,980.934286237451,2078.70162787525,1731.18612639464,1746.6753000148,4216.66177780528,2751.72307150122,1115.72986390352,3354.38447404489,1990.76585707092,2802.4562980884,1285.11276169828,3316.2667019163,4107.87820264332,579.097282600673,11486.619949717,1689.78311506602,6556.98009145912,709.65270884324,10129.9821332711,27318.2774035474,3924.00929621543,3370.39293076744,392.446031209062,191.06152755677,391.423747349052,6341.28352293446,1389.3256406803,672.966703781824,444.442643391473,2636.69788227308,2422.49104984735,4640.72409225492,2949.1655510045,482.266024312203,4113.10868283123,1344.48556006408,1072.63491020584,3043.79702577297,2751.423393829,2851.79413923527,990.020371292606,1135.38677481492,804.164892621867,2616.7315744899,7462.14547718562,6283.52089826944,424.675701989915,3456.44368708796,309.827539319586,1329.61790827222,934.908828456041,561.897774185821,123.855235408073,3661.32069554745,1198.6348187187,891.235424516366,5625.82237682124,2183.48408126276,776.977752257033,12005.6732480043,10.4546290043719,2481.33315951783,27329.2274363019,4.98504421947743
"bin_m19.mxb14_sub",1288.79995102029,1127.15625875908,1895.73673746512,1943.9990021056,716.471264287548,4223.81869020803,841.963257387098,1209.59728410414,1158.6553531479,1406.50322732707,1078.79952088712,1143.94438133236,1117.48540172283,1557.43773679967,1395.6367771832,836.293650347075,1750.33412298396,3658.92398204796,1076.46389941098,1360.60627801363,1836.96668611155,1469.23193900408,1528.88283563639,3520.03396726793,987.908718867293,907.771213182447,2931.40733485979,1085.28196099342,9631.66103711085,467.503132836327,766.522849684069,580.513625425792,691.223015285325,1471.96190543031,189.715310353619,458.87457621484,494.253145334857,724.491514685845,1005.30710434887,176.970920295283,520.560834078861,1338.8283578421,196.12933822429,1420.85603108214,631.338979384343,873.200851733188,1062.02179274842,433.570417939657,923.411270137895,1610.62784857098,889.426350802626,229.975083227137,711.203964008673,9645.88011546599,11071.9735776467,2658.80615601584,1134.89199164363,425.945777613597,551.363041656214,448.068954516487,2415.2165808721,819.616993054008,341.410727147175,1388.82072865721,1038.54507102173,656.502736977018,1674.41718424231,1065.1551314993,940.321017921362,6150.89408178994,925.166820372532,4994.46283300284,557.528657626154,1770.52522630798,17428.1194353216,2768.36244439102,262.183376887012,3397.88444161765,773.052184043993,294.870867424245,1930.28313386607,1238.17014403314,1598.21650243685,2358.66602758581,3036.21884800412,2414.64915702939,1284.84787810666,1510.04015625617,651.009534664972,1550.55135882374,665.195907948436,1260.49299386008,2490.96905204609,734.689178356006,903.17707117504,2989.64286434649,1010.59849996155,873.631770626363,476.286693026768,619.428271759946,376.801808981111,916.226419684995,866.26304969232,792.80929657185,1849.61957964871,638.263272822851,237.017412047095,707.490921721835,274.441797650021,279.278413873917,245.808316353986,18630.4811554974,1378.21650066043,56396.5763644661,1544.54421246287,76827.1000505325,1772.0604816737,1509.5968753902,11276.6059462258,1049.60573806446,2179.98682446052,8840.48510472116,1317.57067524035,63.8546912294257,6129.78332432817,4741.54323898893,1710.42179345696
"bin_m19.mxb65",5512.17540882243,1735.40599337612,2196.25356150164,4130.98537220655,971.046733239149,1307.25964788609,171.342582317291,105.505133261043,272.586486195014,307.354595286894,277.086137734699,309.296106514571,142.600969063635,306.07256869727,545.329631339684,225.874291837177,1141.48877581015,629.451025093008,187.796778512591,336.999712375323,380.195513912104,272.67696728524,341.385530182428,666.244350349377,166.442041415325,232.477192297008,538.495393231795,323.043490314819,886.248755358046,47.6019148074069,95.313385317442,117.143578739599,121.192982993222,418.27498389083,66.0062473847921,221.754816813826,180.089965847847,279.721231416334,330.397576557031,39.4236183151211,177.288955229648,340.399411701615,87.5662534696957,264.996067650762,151.385987189816,166.969562895512,339.661462222608,162.096554338566,301.873352749266,640.198705945099,232.873543031584,86.3570374920363,167.993059599338,510.257377151848,1603.06230101273,355.054282782262,65.2713382273369,103.76129050134,356.167916616252,188.447090576526,404.822890041395,576.73249977199,291.680924699092,743.894935526953,329.600690718072,247.869052888916,399.705324839932,343.506022164172,260.744025123471,970.799014701423,1167.92150719997,2361.52736800482,69.8282357172731,78.9160238721008,1955.39725750458,428.510104691351,55.4136569202785,486.534635050586,290.019884503841,147.825131675361,454.337495778896,271.999944897684,282.347408262797,505.244743842544,784.065174572001,531.474786425039,501.439800019724,3636.34052160324,1820.87930671559,4223.69940888879,305.485272975063,520.511849078803,473.697277014337,435.157993969534,959.553652169894,373.301749659487,544.374795240178,194.016142101005,168.780337051096,743.534359667645,45.9408488987589,1047.82352639545,925.522676535739,1364.36451839106,1351.82710152102,375.355416127782,164.078269939669,260.630570064069,158.505286221308,160.80101280411,107.963638320433,970.70622851544,110.848399706758,1224.7176109679,304.028133107064,1470.64181171217,1138.09808224081,497.720165760867,4542.71497880348,643.83329978076,388.182133887029,1598.89678811541,303.207307940697,1.64033592016236,3469.68433950898,4494.63742281421,1858.65673838119
"bin_m19.vmb107",1413.15963936273,220.549226372509,188.623083656269,236.899895182236,669.212860551194,336.356587850479,522.661986515624,2994.71762652594,1215.97350339787,261.164693725832,150.09520515385,55.5411574243335,12757.0112921055,2036.53139830322,292.626096299734,994.947226904241,534.423636729548,182.769423101219,329.885901014791,1205.27502330246,726.035531831096,2204.06273659634,968.148769479511,687.600675314933,182.576970107862,1429.9868225868,494.603326471423,1819.83623923407,1081.35266912064,5863.4520629892,16651.6074783696,12736.7281328255,4507.44583012033,1471.63151758854,1501.85079238174,1556.41113216439,1226.86852201132,447.123873997664,934.436115924316,10957.5751409013,5314.38393559812,66.175793689667,105.585997526037,474.791658230777,81.5612346679896,1188.69479223767,1779.89392344041,2082.65946125246,3943.36667167777,10683.1092393265,9704.41251886249,118.091858655019,10669.8209421975,12832.2457655378,16287.5963679751,12995.0153448233,28852.1253488884,11956.7271990999,104.509738642458,115.068638639768,38.9644643202629,161.868832646929,33.1884339565443,135.980079333634,7450.65560203976,2099.04099841649,1619.18181614209,2731.45081039812,3256.22193584763,10903.8872091609,123.102125859801,5666.06670033334,22864.963364373,632.850707237884,4803.7568037678,269.627983811701,12.3640392238175,108.47893074044,1253.32136562328,153.952565223623,502.770281887667,323.962866896951,375.861083715908,380.925091776716,127.166956662462,11.185124306561,383.498417961733,45.8718103854897,188.393940274202,219.33874025426,55.2424139689687,88.1896253680572,202.619663917,852.625981009279,629.603051627609,411.405982960763,1828.88825542986,808.801568229555,5679.88554581473,254.993326694327,6748.4282088445,305.877652976837,122.999163230487,100.233398373801,201.151038200468,2680.19302691553,221.045492337135,3028.86347767605,1427.17455396159,2268.8614322683,131.524620465327,1929.61700552427,2753.12706529049,371.529156377959,2287.44716152111,83.5944757986896,6250.96530975292,9773.20503344657,6507.02309545266,5453.25492875548,3906.50478611468,1094.46707602349,699.205574949857,4.08122053014512,12863.4299069919,2638.19095853999,12.8779661780364
"bin_m19.vmb115",52.2081418134927,36.836477695473,18.5426578711671,25.5676492621681,34.776807306734,27.1469855403324,481.4268142074,320.720943208716,281.190019680537,223.137936175384,482.833008133584,36.9587581247528,12.5119465823284,34.11709078301,19.8607515884141,84.0372905611173,13.5488741097369,14.750116176689,75.9961856426229,23.1911214452477,18.4322059949063,37.5931156207749,13.1979319704908,28.2041758702879,33.2097740792835,64.3217351950785,34.370395949272,61.4585230169643,125.382132446665,27.7047975724007,16.302349151969,11.5465351864406,31.5489416071751,26.0966904060191,16.0325961570009,133.641301682045,93.0252222972947,23.4957586493205,65.9951893388179,765.157092682201,651.928912657679,37.2341735927297,38.7982486797401,19.8384818039988,45.9460737773704,50.9566508258301,1192.66172208272,3571.10180835017,112.194627274329,41.154105305844,127.95987421726,60.3024692362341,10220.3033566587,2464.07128482798,3035.22121090366,2240.27057755326,10554.2964139724,37463.4958189969,40.6158738559652,54.1555291196972,26.2376044417562,40.1615634534965,35.2137663479445,94.8190049175682,104.664425094399,71.7994672597054,56.605626161728,34.9935313910045,29.8653009457476,9785.30153318563,47.8103141756549,1652.73129343586,18302.3512903247,34623.5490161627,1575.93873981352,12.3322744380237,2.47525313868244,7.0515739384411,21.7681443972186,54.0548248624484,9.34780877250787,28.52617334216,7.94252404113829,19.7578009397077,13.751361692005,11.3443697797313,186.044363697115,6.68197649312682,49.9064129934229,20.0283777878669,21.1264168025149,18.4638427012762,26.5690345241079,40.6425145055833,112.820722800328,39.2325327638326,26.5114005349933,41.4927111559011,51.5002704192785,116.989744903682,4500.90345957673,78.0209749071454,44.5434308984662,46.1594726958223,51.3781941151987,622.110598001851,364.698269819747,156.784747513148,84.5179799554775,76.3949394116583,34.0866057587984,983.740119556783,10.3556167447251,12.0058965202766,78.0451156370872,4.09788734309948,1678.95006885805,8571.75504408683,6605.58072769865,754.846902242997,34.6386456821481,4766.45385608747,26.699892408014,2.9349341604812,2039.76322177462,258.153042111481,66.3674589514744
"bin_m19.vmb88",404.755045462831,90.4885434000721,43.0447709488052,22.9666097652114,2776.28632884577,1485.29641031675,1911.39469370223,18.9730049040287,1531.6021167837,1242.39001726275,51.1000586048867,24.7529382642533,30.6121138759128,39.1768714344428,37.5023794927397,67.4131205792489,92.9734828979595,211.002950749726,201.127078962432,239.881042850869,545.351432955567,89.8595941789059,123.793501049848,21.4365090657182,18.8066556867679,44.1227283589031,636.947771071939,60.7950496501062,3983.23426245992,51.5848706182657,9.0295011542295,20.5921687009297,22.2119941580355,24.6432012579854,19.3141981280167,180.882290025628,106.092139721585,175.048290169764,29.9105142856322,14.971054774714,34.8974279031253,1318.5075920696,521.497844614069,656.548070403739,668.427010608924,1731.87011236433,4015.87532887465,2004.387880518,10098.2803001881,1991.77290278898,775.817393721864,1836.91440410355,4195.21321833678,7962.2994103161,8991.11777864303,2976.39952433768,17621.5032499489,11264.5117753829,340.462387325127,97.6779733494738,265.970761018489,206.352492496941,164.482568823735,314.983437934073,527.687559530601,159.729575116294,91.4137749715135,805.818878369086,499.562202450205,1376.07195651983,728.806560417641,47.600056889136,3446.93757527238,80.1523750937803,7163.52209247986,20.2867836497731,6.6803460775057,24.2214844759358,113.371611288937,42.6454568071041,29.3178151345438,52.0848834211879,119.71278866619,123.201159501376,20.9552007604147,18.765696671022,113.05818509577,268.720002290204,1144.26310799801,607.289098880408,362.919076006464,386.817188208825,997.55064533144,3224.01722959704,63.7093225899683,300.086705526191,2227.64007240447,2509.06790467949,589.171765281531,219.37654518615,56.0079221737084,277.277019513536,321.736090043493,187.160882141547,484.410234265102,2230.9556449929,11444.8777875534,1608.79197877378,1212.80698797281,739.954869092346,522.640512666188,122.046121400042,7226.58987441968,17.2260277386389,6268.86164678476,19.0115410417722,13439.0821763669,17973.9121474526,5343.27388681009,5260.67669971462,10170.0843341532,7140.62866008298,27.6251953305446,7.95524776240291,9025.06027997339,4150.18634098689,12461.8348457286
"bin_m2.cct49",2.42864281906588,8.32180774238459,1.98192053779474,1.52105630259559,6.50101390006615,1.72867863172195,8.64819258524784,4.35608757566104,4.95218309948279,4.93003267466425,6.59602022131611,5.20555187316391,2.14799220483226,1.77803663441544,3.17222327014716,3.29162611197725,46.3461483661604,5.93357435102,6.06787604247924,2.98600707879062,59.9415706556049,4.97432606964777,63.5816074426137,2.48621619483094,5.1982422810449,1.81289761616447,2.64906805853441,5.48840939815064,2.11747562934884,1.90813159092195,3.47247439904509,3.1891923788113,2.98772645702573,2.86937903130079,3.21113424668477,3.34994648355363,3.2233296179253,7.17272533041022,5.0712175822569,5.03014235959686,6.83971632174068,2.14059381644715,8.48573313635255,23.4457321523751,4.7477558885186,4.50817095769639,58.8818674721301,6.33599807849224,45.560915781128,41.5700809139317,3.22444877319732,4.62722902646682,7.01504129788603,4.61316798050118,2.87024521603122,12.7579262861136,6.39021438100662,7.08939001821288,4.9543169680762,5.59657461073564,6.88481140025725,4.13443836322108,5.08879377903333,4.03954226965603,7.39871043024186,2.81905981381648,3.98192286784912,3.84795722821505,2.8647092146642,1.85034586048338,3.12716060548705,1.85324354110027,4.83211278854143,3.33378663825235,1.69881041690809,2.8228625803268,9.29555876938368,2.58929842880929,57.256103011865,6.88756045235174,7.22154551217947,10.363925275516,116.834767087777,47.4264000166739,0.732137273546683,1.67195167500068,10.3171370919703,0.669159359548038,5.99094707788438,53.0545391724251,4.36676831093622,2.10506285549193,52.1692627772257,5.61951440140662,5.24564398282083,4.32748390200836,2.68073200293534,8.17030911999075,4.29209711103322,5.0210624391041,4.23344242677416,5.17094256579015,4.47258628711424,4.19849991767271,1.25253421278164,6.27897205210761,3.1553220880593,5.91747744532068,4.84720309729258,7.15119407817128,6.9286517573516,1.86807026009695,2.98527141223677,4.42959120522154,10.6218789815009,4.10378526896805,5.23310705799708,9.82509511468126,3.03246904558992,147.504627807206,3.81391881560349,1.9387952977588,2.73601419055665,1.51156712273216,5.30800945427519,4.61567800860968,0
"bin_m2.mtb108",217.765218935921,406.541727991839,124.906919189594,49.8246479323932,745.177432184659,1301.12930377078,2059.0578353357,2965.46115987961,2086.17477393398,877.441365968975,2062.12632318227,3344.47021527022,487.882838189282,501.652291883117,437.209534200578,77.8247598198317,5785.11487826153,1032.09399411544,2431.86442855072,422.065259809335,606.30685172912,900.594470351455,1224.6577848264,186.910243804921,944.909335190901,2815.16757123829,1326.89959179513,1185.82038072238,132.579621200409,285.208383820423,304.170200975118,314.543889567356,325.845081083069,858.652404113095,553.203900572093,1787.63536418679,5207.92308142339,3606.61597854713,508.839083206945,434.165447509706,158.102904917023,213.704562289236,1133.29957240812,676.883249310476,135.851915502374,310.105185173117,344.633774558937,712.207674930506,394.564031761931,159.076989680191,255.574723020709,319.507296985714,204.172422172993,107.936959940854,64.365856307211,159.603858980037,83.1336695087739,142.178193808053,1091.94713359644,1898.23537353963,5075.95206441877,518.727707167975,2105.09021104976,2842.39965203854,513.888146664664,430.264291747377,622.981049447436,326.72414808681,313.669832645024,69.3801092515579,796.456797425119,40.1979163655889,165.770147239857,235.223227591474,126.82252950401,38.6960664037587,207.268543781981,98.4389431460675,579.743847965052,158.566906337957,86.9621671215005,106.976940540194,432.629739615915,148.639725982996,22.3106271024487,129.200265299499,66.2354940018567,1577.34222878633,1017.917941975,275.675927758427,1167.64690548781,1152.4148371098,918.035587689022,598.472297470673,1601.38387489848,2687.78016435558,104.845807333471,924.264500290756,1777.47895517816,546.113622993717,135.167799728671,524.966128065775,883.713166154609,610.864616571118,550.483198501652,228.830489742321,609.438778211264,1316.00239141577,288.641845538646,445.229082664182,936.173494950232,36.6952133963158,21.2134572354693,45.4562147586637,77.7202487770022,18.6369115479636,134.471097696367,119.387158125058,91.9412473503878,402.986135392437,194.499070363128,58.6067882712854,3224.91530183846,0.91862364692734,100.538459701076,187.175526267023,0.587682339366243
"bin_m2.mtb163",1679.35157726065,2661.55677749671,1753.43090856124,399.449951113463,295.97832500315,188.402698873694,7043.53611058609,166.424841202973,4750.24370822239,184.824707121859,18244.5110015869,3430.48714131105,59.7635321381664,159.786719654664,3160.84021933492,63.244536478554,1786.25978511169,854.442433370473,737.842058036285,315.280722198921,635.217129092365,158.367213953132,428.957129970288,51.4837366345955,16.5586500565414,33.2723714201015,18.6464041238922,227.106406225248,53.5901670528393,716.598664447581,2371.97519282765,254.792741093581,1783.39553335049,271.258545088358,400.398237824277,6198.93964279619,1699.68973335261,14346.4404592556,595.627515098425,343.503675009406,143.332583483658,72.1400512680203,31.8953147451084,50.1615945864466,93.1123643954518,36.1121994515591,1165.00483887619,165.808954276677,5306.88797009111,360.904765114389,97.7823307213295,23.6827675892005,376.844272698093,198.245562976536,38.1643812968165,1024.0204985231,53.166558664649,380.860868068485,37.2897423384444,44.509721105941,58.8330260850155,40.8148454033009,52.2569812174313,121.92940948084,54.9790795407338,71.7557347648741,200.878278724574,49.1692096135879,57.4744075166402,76.5449991138064,36.4858329129024,126.52764996251,40.7046418823464,27.2907106096241,55.5044486784687,192.450796280943,36.1847368648796,277.164961764001,968.543574285878,64.8438490166393,256.844294278948,189.966128697853,578.013332276772,504.501424004604,232.384469451914,225.842641590505,523.930048146774,32.7519133763257,108.187389680156,413.068360865377,32.264555230081,29655.7792466853,24481.0824300626,77.9407248108267,54.2830607243344,186.774462732701,43.3818826547154,44.2779823328422,38.1434167825885,55.9147007090553,151.465833954677,608.013403272058,38.913291397999,54.7149112687418,75.3924282937657,769.969040388285,345.95761916045,231.704099694764,78.975174446286,101.513527325177,89.4605393760916,238.800637684468,48.7457461464209,384.617360391958,726.592528689399,516.190013948697,185.029511555154,421.290714264829,609.779464667943,523.596363232425,68.6178474710046,145.948190774501,35.9524133275044,0.721086220125455,60.5186661891929,88.0755279336492,3.95407976281101
"bin_m2.mtb182",2138.37187053714,1156.19212266366,224.178019035151,1979.49150575498,3085.89713039541,884.854506981673,1227.9930503293,1026.46506689415,1808.8041452956,3305.06222109404,804.943716296296,1460.60414620774,220.946383674845,230.240623451719,370.45754382417,804.17893338301,1582.12567813651,367.616410044257,1018.71435981254,346.318420815017,31606.9987054302,667.289777814448,2669.97212603194,156.016858620731,1381.11478853993,971.310670541665,822.348103577683,803.79932408683,728.980225898258,1227.9750082542,872.748543930148,929.909961421532,379.565079291799,361.336224210326,2222.58848794389,720.731494523441,1479.12596294938,1266.12836998483,214.666426384995,483.831420299734,434.39523672451,336.539099973734,2430.46172661639,7344.21138785694,306.7869440376,904.058819589059,2883.76299180528,1015.30445313207,2404.85594698811,1772.02209321238,457.182403547542,2271.66508392005,912.806727575299,430.896323336634,336.198201559466,529.398485802001,384.0108598138,976.641297117466,766.918478888758,947.931428493132,1689.05393184164,568.188247852804,6879.06884927138,655.162765105003,394.750969044777,411.050065043657,275.446568503541,1100.5716612509,1405.38419904875,614.165229563225,591.035308196652,228.032446012944,951.506545154659,901.387126014498,405.703478701344,285.873321470186,1454.03141690964,455.986035750383,2267.75301471674,485.819775810221,252.468288593156,723.720941776169,2620.01257563478,18332.879366324,90.4045999648327,754.747466268773,288.98290586072,7768.27212941612,3126.77277679746,2085.7464070788,27905.928408371,1859.50961227884,8594.67992906729,714.89984017121,806.26218020758,568.960333393948,129.016779928361,20989.9717249344,105671.868084667,531.122132750146,468.411808450308,310.965166647626,3944.50232076244,615.510399507629,144.57567194795,830.137838469507,4172.47721883802,6171.01949630204,968.081934703072,1128.98470184675,1012.20827292179,204.793045040456,107.642100994034,285.613456235595,730.445165370162,79.2717750427842,816.311848872346,1937.24965286268,453.456587991904,3979.01422816753,1338.09817180044,419.31875066446,901.894678872784,1.90750764408076,706.080990380829,868.968791230228,1.24783905325527
"bin_m2.mtb186",113.702755812471,538.325220828722,431.031655342177,220.095040346061,250.107876192741,105.451045912456,3863.26540193612,17102.4831646484,5591.75920578466,2107.23931342014,4201.79862919429,4720.56170078372,235.225402814033,71.1138445277542,96.3650468991919,2324.54573195095,453.514576566039,3747.44451527304,5008.27339539489,1044.53849900361,1396.04264504304,1226.65129433278,605.972323357603,73.8817419313432,3017.13116309976,834.311059745185,212.13381891494,163.309241862088,124.521662779457,197.453953204937,192.116257697362,179.784136059935,150.599192088689,134.589016386685,227.080740932072,1843.78405781499,4238.56484001142,314.158929619168,181.522238055991,603.645480187683,280.957670356382,3631.92406210675,12220.1185767402,1539.91669064873,348.641481700756,7632.99383957144,14966.6489937785,1373.11451703595,3023.28838061806,443.215344968414,12386.5404443101,16022.0899212557,243.213397371821,156.963924974723,756.885720997871,1847.16680522365,204.623674435863,545.248987095333,177.229601358189,219.933409199233,249.809296533206,2525.70142748481,8854.98092090265,8803.39983015087,2383.43822373003,1505.59444454807,389.704021463683,3154.27735495804,4318.64232164795,81.6736489947682,2702.87418917273,78.9569469962689,221.246892740223,261.877545911109,275.980023882841,232.092398778987,310.269403006602,6717.76381628991,341.193823023072,20957.4147184333,1455.10418369903,343.740312986794,8889.50020962225,2209.14920417947,67.4129869776113,147.463669129031,126.673623614934,587.968788484379,7852.55503582159,419.341042014168,651.863570844006,149.901903339384,7728.59259936681,208.521862627196,235.708095096359,327.187144934449,44.1251029585842,342.991489132566,199.972174400902,219.147110321295,242.099934174016,215.814112722805,1054.64543172103,1603.49920922132,210.361482388435,4790.67780482713,5398.4600398432,2411.95008018325,599.085603163289,6538.65363723385,657.441060903521,208.246754590152,81.0189364781476,211.754539232829,163.738838565013,64.8499966789097,495.468757715895,1558.83805096408,586.543405469657,962.806021187319,722.709131366042,177.106990903389,142.828420096525,5.70579045105981,175.040367861015,186.109724711218,4.25860761731211
"bin_m2.mtb5_sub",862.928377180479,1021.63212962782,1111.01960354598,1099.11584537405,353.705262401731,778.834723242303,381.133922396957,304.794637181212,477.276629172669,490.040639628111,652.660041382661,502.875502246268,556.40463762625,536.221786938612,346.711849983954,252.092388851633,783.94336913287,642.752482895591,257.872667617781,594.392237584859,537.297196368678,369.025156217887,514.694823572091,792.142662557574,245.802155972013,686.791381816048,712.840300348591,342.241596234335,279.303641756298,67.8955605006288,152.881701866932,168.820040808359,180.018999663089,364.262313523731,71.8887718229899,335.35441904687,472.369588412417,481.185854842715,632.717554089473,83.1737246955691,189.519273602665,397.885175779261,158.273396249672,446.406050434778,499.939886070747,260.779363843024,566.695538832956,311.390130538061,598.555066455294,734.902044936542,349.962608542412,202.320573175118,38.6054824812091,305.857579905574,360.280523206932,374.339403884507,71.8750284012793,109.455362684371,674.205477225255,531.143606730823,639.418531550219,952.239884561236,403.578993682799,725.690462538616,347.49568574183,267.373305906001,482.009872456721,247.088624501029,222.446451181208,341.483194912219,1035.64684487147,450.946340007024,47.8533071917349,55.9415282131084,544.776766975251,477.467030830997,3540.83858559799,732.873607894664,380.396740288128,60.5613401288862,304.473148118477,260.632095208218,315.134608813083,918.682340571582,698.492153292394,455.9662335565,404.070988338974,1491.501716036,637.664619785877,1195.27123166547,665.714761530329,1361.52274194758,1024.63757719594,650.153036662599,707.986471239439,681.529515362739,893.958197189683,468.845297342517,282.400521129947,811.8254209744,88.5422240098346,874.679434140815,769.113101700832,732.873619057246,1139.30496164231,189.063649309732,131.342496132123,280.768893474288,141.224919150363,170.314454122168,103.990709342456,642.229414438548,93.8687251698858,515.133326374323,202.758758717698,1123.32880047275,247.065314102984,499.004852627913,363.976226920037,211.572979906555,267.053373167334,491.178452964528,465.194669549386,2.27769065333405,261.278582410542,259.319508405794,246.908038624737
"bin_m2.mtb80",3263.49127684141,221.384754201889,236.660505873231,781.634767917817,2848.48575009125,588.53618758786,5393.19442551396,1314.45402926135,579.122083572148,1355.76937524168,1985.87175394242,3314.56556036461,26.4828737726958,293.936420130987,1112.87833137078,1601.16851076558,1850.98198286502,921.264367164439,3921.65843703552,484.931978417913,1552.93838564512,3027.47736716046,7450.55546118061,1280.01362169406,310.662234115258,436.170841330427,1450.06670154097,1798.08723038642,1366.45443775214,918.813506582676,665.829200494925,394.859821963221,71.0471895734164,4489.47812580034,4046.16824288755,2580.95033285165,1213.36802071903,569.18319769378,72.9122109438614,1223.44838931627,87.3695140107726,750.76878972908,1425.71640127265,549.407346214061,2074.6891043863,3505.54751383155,4103.90032960425,1576.83700998639,458.933603950432,1188.81365556499,1673.09565312244,2625.34811530405,3690.82401246872,767.719682579298,515.39985010902,5220.33134282951,1343.1767219,4994.13538395984,1617.5653821871,1384.94466088142,1716.83023930271,1694.60896826806,3231.75403572165,1345.58063277942,3648.07295885037,1562.18637469753,279.482875417972,2582.7807754366,2475.51180429088,1741.62868296026,2369.91738972493,735.21865437545,4643.86084739496,1149.40434528277,3046.22699087828,2331.4733010402,3619.74087117976,834.074196036425,2399.17450995072,3884.54963917771,36.33665449219,5197.41226143622,2070.24422759659,1068.93159418332,612.351080289222,4912.34081974131,44.3081005496518,908.504942510106,2473.91162895535,734.647394998591,2459.45654813185,1853.09971324281,1740.17789582996,3467.5916093874,5042.23528494885,1288.65822539404,1087.30713464291,2097.23451293594,64.2611849663319,3947.19415959671,1773.79835385002,876.478368124147,1604.71696825347,2587.06744571758,1285.25146882498,960.246639393032,1076.94521612697,788.640579049562,2593.71454548225,2031.17182569392,2029.81093536439,706.361613598991,118.777241944052,1716.70862660834,1868.53967085261,472.112365746281,3099.90103537365,1470.96523497729,1130.69369467111,3510.40376374042,2606.98476789027,381.214301299259,1417.11236627114,2.9280703535333,6480.98059079355,2437.39031835964,3.13985718802614
"bin_m2.mxb54",44.3032364553151,61.7334129059319,130.800074284108,76.1893286095003,26.4666528249904,82.3689418452848,4234.47774056258,702.001665295685,36917.2677654944,6182.00334995553,2577.17701872888,323.557090966696,384.765390141355,91.255950864138,90.7543192505982,1109.94546113183,122.889728912469,64.8327759613874,210.58223205998,83.4106761246754,146.802974482142,128.853090148684,218.258761425818,66.6418605281341,81.9894609594,319.647123626846,9.30223080168803,65.4832469664278,8.62913787473626,135.196467083704,46.5208254090929,37.3852773808159,159.542142205861,111.897574793159,117.958779928232,4041.33558553487,4240.73500877416,9929.33851002925,37.9731322343812,12.6219702921757,113.483807178606,50.6933932355109,17.1146008818066,61.2369347433093,45.0061295561943,100.912048024704,176.679593537355,83.2623230755436,105.086905831104,99.6663368310191,247.114375530597,7722.94255658056,11.9537404651787,15.0667453885771,5.16314392820251,12.4549227303454,26.2457477135042,12.511066382729,82.7464751653006,178.951766413789,85.8426342131717,163.086931914119,64.7737948500596,69.9573272893498,234.616934308638,304.027910569175,95.1591209471677,133.699839313617,98.117666221464,227.920569931606,56.619141000911,68.4646690178351,340.729568516541,139.964437348318,183.415675120356,106.553309997199,1.99928905583392,8.43797549801957,128.921843860366,116.186408343783,10.4825710520574,236.967644424948,172.594351399132,101.700742040102,157.46810651029,45.1809419915085,192.314213152257,7116.21560843307,6924.91850763081,2246.94096277556,8518.07660065733,2119.55529561534,1672.17099409917,773.135099520462,5.4965210268973,128.427911466648,96.0214003072974,9162.95878999119,32.1611588343383,215.761066195889,22.1562037861479,270.277439016512,65.4542694605052,175.403528804384,171.937458097349,1012.27395553809,97.3188699016608,23.7576495232054,419.367024620482,133.993011379051,22.5988591556521,49.0782057522142,6.03393211848245,6.71438371214829,32.648059599205,9.94978544673575,103.549387555259,37.541873557261,21.5797415615696,245.579097711462,9.06233729049391,9.78550965681642,33.7028243956647,1.08369300530571,8.28751032776788,13.4370890749096,340.831707618217
"bin_m2.mxb83",958.061584611555,522.222064884129,174.438458495376,639.307788518584,999.401725944335,1235.51490515612,1269.00793663621,2006.51809646506,2699.54980683285,757.746324535482,1702.97556830172,2737.92862566256,1073.5672708627,758.78870355633,923.223264766144,195.411280242306,3294.3075733894,3265.53304026156,4468.56430795845,789.961500643671,1543.24065864828,5195.57757118303,2570.82084862806,126.645319614164,3994.40583127204,3414.29508548549,2967.93678586548,4667.05478628262,4675.70690311964,5710.47085892373,915.599124743867,5010.98199501931,1667.93824122523,1201.43489106636,2385.08464229518,2426.38461459295,2026.6702904015,878.189247019554,558.270710981648,5821.80870821137,1432.04499507318,738.362513200529,3351.63566271388,1548.08946175363,1222.60615013384,2485.59974356859,4838.64583187918,5112.52924929423,3799.77050341081,1391.01211830706,4611.93552436449,10913.7404172821,7693.29995583935,577.329938242341,2871.95267799008,6378.97730873517,968.561717692894,6880.08742584852,3847.71030140074,5556.61407929177,883.937905510454,3845.93414576726,6758.65201308512,5625.94050003073,2143.30605036266,1096.50330351246,651.68986798578,2911.20145032654,4554.91273953448,1749.10626503122,10296.3090057124,136.732812316535,5163.53131105648,2203.8827289352,377.190598063489,201.575501293263,761.804828150561,318.126812666154,2927.17794883706,1224.97719155779,270.665255112115,435.154063076988,1197.27442443827,335.921466134955,122.632865169192,355.432154084186,274.340477707764,569.134288437432,8446.08374902469,1208.82182472596,3622.25341789381,2168.65573998328,2135.25217062936,867.562049936138,368.295025687099,251.412906763694,395.949916209399,2241.77312820322,2539.55812652291,17786.9194520852,541.833979645902,4044.62109876685,5934.48884684451,4690.0905546514,3815.33724822445,2326.87918714513,2440.96297899887,4721.42612581646,3777.63176895153,5025.76338989341,4686.27721885398,232.075220779319,222.662796151815,268.213166906284,1885.64057482242,62.8188324432539,1635.15664224065,528.376651395987,187.212923562146,2107.67229474899,2717.06626650006,451.339946786809,3020.94611787632,13.5027556507802,5807.34119509171,3142.68722194381,3.31479472620854
"bin_m2.mxb88",283.985402259744,1742.61039314725,2091.3022955356,165.539368351111,164.328529402219,2560.51299642344,376.484406205022,6471.92233816827,6433.49229038434,731.467879571082,91.6487683987001,3480.68761469915,137.057720436691,391.937318229283,15.0626025236734,16.6092167659796,282.453491332939,735.273240189461,108.232967709873,17293.0553796328,469.812301831948,194.052373325747,350.738938578847,1296.02492944255,205.730469878229,4000.5053950473,419.316223462231,464.184748223443,47.0038034487477,25.8004426565088,140.233509440468,3084.61983641496,163.118998350581,131.568022094693,838.33022198344,257.364476405085,317.856984055573,2018.63304051157,4812.98303851175,6449.75682866951,11097.7463771426,109.421770800752,414.528254149607,4515.21251232766,602.552401178283,24.2143949404552,209.207281736107,1106.23686797173,778.65865148979,449.334804171903,124.129166983676,461.61026519555,512.498612431847,490.732347418975,3411.44432884636,344.553747414478,103.547510203402,343.902406258237,39.8079437244177,13588.0197108907,2177.44780688524,24.2171978309674,26.4658910993735,91.8985435239537,3025.59679072062,90.8281952834319,1142.64500855033,32.1288756844588,39.7668473750229,40.9750075839863,10024.8470456108,1182.65274681456,59.2601445149428,112.844729811407,187.123469964897,57.6270268981122,15.6570290842945,113.552393698843,170.060605951034,139.304224521431,174.555924046619,50.0599811536197,346.305100879121,175.313967922447,19.6604081505538,22.0093863340986,301.041451189176,49.5023419256912,1231.08820740091,22397.4375010985,63.357280815451,45.0013238016301,199.905499574536,23.7449538934717,3464.88757987181,5011.70200906551,221.319495324226,42.256539355653,206.155045391378,4150.18697527408,731.8872114554,1128.05502494462,3918.14734980875,303.528855664992,225.317387700075,14111.7261111715,7604.90252906616,5889.38246492048,2152.39101872775,3214.6893119099,6372.96683813983,4204.44829188031,39811.8440374124,18751.857989213,14322.945025829,1293.46765665512,75.7417466030972,482.647595528142,1784.51159180924,313.02480988373,29.6605099620683,18223.6296439072,697.128502873092,29.87326582046,202.573605578261,1049.97405467678,11608.8067316378
"bin_m2.vmb102",7575.1884876913,142.935295162251,134.388974840106,11634.3723191184,4083.67261334218,14186.9677770255,616.059563388515,709.628632373531,817.668568768307,10350.616092162,4612.86384619644,4055.78720040495,77.00583080918,134.387623214547,120.961250742598,239.165645490898,266.740661979725,265.071321924993,227.746954179259,258.58719963739,312.53224078094,246.707938220215,255.598122921316,337.529926873786,58.9450106166394,125.472519413487,193.19778557241,319.356557040158,13602.8867018887,74.8153636446874,49.7889063801571,40.897880631363,74.0653717280819,4463.09447551551,52.9107203473231,6116.33443739794,351.504733134805,1702.15170698535,8534.7716599281,52.7695219844427,128.833277370622,116.808697105395,9.34862041578928,95.2709124213739,72.4122055849999,35.8357815076423,219.553621092296,33.4876993691845,1476.45820708737,272.275107606693,687.302733312089,235.680222599718,35.7382570406842,225.063628330849,7124.6633278665,173.958665099925,31.9564723248634,71.6272577654101,2202.37765286157,2524.03121605231,4418.03174010446,1575.51902257768,3338.25031832578,4825.91876178494,124.226309249956,81.4514661455799,122.329215779128,122.079488892279,133.41256645356,227.947524446855,5106.20479164787,16083.7143046982,26.1584694817707,47.0451704680252,261.453446305512,769.612804039468,29.1370052284123,721.703497996144,159.389895535192,51.9290447597761,124.001844596844,350.656534806097,397.696556774764,507.772790421161,631.393470980131,820.631333205133,243.191305906177,20620.3205336208,3325.32354798641,9613.19108564514,5705.23679038101,1732.72223068025,10672.6632151544,8739.5913141105,796.522288571859,10609.3412822781,10960.7689790422,9002.88043484782,1223.42316260881,704.690901228411,31.8313069309728,2079.50150677829,127.391380986012,2321.32550469219,13356.2413324195,109.216503037777,1961.65118785874,626.589862718839,35.1094662881639,42.5548219119593,133.629387923144,20159.0074988307,1151.76608492606,7129.32338598585,8375.14362414878,9514.04887856755,4124.28206452032,9098.06403215063,5782.8059992468,1339.76797452856,12662.9185816274,9959.37407265995,106.529992205089,5.59482740138543,23889.0383158425,18226.2280732034,317.077487853877
"bin_m2.vmb114",89.5614764629642,694.233132177944,119.156432444207,125.017319728478,12.5925625125948,25.0450168832847,408.576413146805,299.884394420785,390.166108839538,258.711571836309,683.277216756503,400.590013240234,8.64284526973113,21.75911143402,5.13582233651105,590.967085548917,23.3509263238991,20.3072920045181,35.4658634143504,32.9451232768527,16.6989036642801,29.8372710386417,23.9735310706347,1.64292996945582,3.12204320640092,7.8053700334745,2.27570848730125,14.8095374434514,38.9730878074468,8.09599369540267,8.89439392972248,4.43862226276384,6.00470368287633,20.2178186244074,11.6354523161264,520.581600461615,160.589428219596,768.276601248305,105.023291060175,8.00805934244094,62.1697105223591,959.08143785011,135.874116137532,1610.10870900475,1602.51502740304,267.82242552714,635.203628233825,9.69434209213416,882.48608701494,140.440211235743,917.075931338876,10684.4917064539,16.9537045781875,20.9538768502509,21.2913450488764,20.6550539504566,19.9024033376494,24.2797637236975,710.455130307965,2882.38318595807,299.986082104149,746.683086964126,664.158533157005,881.882106781874,17.046320574212,8.39459471469649,12.3562213129454,13.4608915248511,8.66335508471493,22.7786685133751,113.356711264904,892.706391077437,20.1026010831192,7.77224601495028,26.1577765612755,19.7090227149802,2.70890797168533,19.8170502874199,21.4564565769541,142.666500601193,11.1142997159243,46.7235396599004,268.709162325815,37.6561458573683,35.3905252975136,9.36998999912705,24.2555007141072,361.628070640419,6212.62934948586,1402.71018200041,504.585571764518,23.3039806130508,49.2925298060262,193.079378191799,9.14596932835513,15.8561067421702,737.06567274217,4.76586685276929,22.639950066822,1681.95927765403,31.5280953108504,304.226031577317,273.208121586334,2339.42539400174,601.138261094524,118.341328035596,753.862645663542,360.605603660708,133.047188005535,152.075535704982,759.583077246814,10.4390634066807,201.361743902306,26.3296433700534,35.1253749868271,7.48962154949035,40.3684395704413,58.0336251119908,628.241916284837,27.2770489699024,5.6454637537994,437.814500722355,5.03363729337867,0.815741256836084,611.677291716209,145.379388579228,4.9204332240087
"bin_m2.vmb73",2233.75501498074,50733.49024818,8299.66218093756,446.037091243636,69139.8603464958,436.476188578973,10798.5547129432,8835.14416383085,20613.8014413201,556.162493108938,11730.0023996235,7388.30781911832,71.0339713950265,517.76814077614,209.495869753406,271.661504673697,712.14663178613,322.335762012265,591.11751075308,250.00146826247,247.642484794973,357.862112673391,320.197415387667,79.3702260596871,239.993024565443,189.656529142385,4267.44081925368,5728.02193786202,222.496811022152,1655.91988959016,170.161602400259,5417.07177023948,12491.6718550835,5674.27401776951,129775.297781245,26410.8669847982,59610.549126544,500.471384890097,146.865671856,3949.90359785218,451.222558800431,6000.72294448346,144298.595591034,8804.41037597013,303.04662998847,476.373952785334,7715.2328793194,3358.1805593932,8340.41928398251,25037.6231088889,10851.0683417068,21980.8441577768,342.399443830492,268.556349242566,77.9388159604466,326.968088878085,114.022687369983,385.697404610787,10078.9302650732,235.035477782121,177.929008051993,6243.07136749481,4761.3305376011,2381.92496970335,210.411288978823,1675.63628867323,5875.73297844468,46666.586264849,72598.5057826957,106.866552560031,340.746741537483,89.4789541371601,273.800403545913,427.508935652561,168.180900121956,112.86355432789,355.123987993108,92.4374940129152,534.66292910101,520.667002825139,130.828476294036,389.892200584965,502.781443621151,263.442761603568,64.0563819013118,193.438875191872,240.295175111147,32.4591572187944,11508.5694421443,263.872735852907,1883.80330096391,797.922024600997,1714.20862579908,105.362685622685,180.625712052071,91.9443314804048,48.9226562213268,119.742904385264,190.100978018808,10173.9823837606,156.857408381894,2516.94327112432,5039.88445044791,5745.25613376838,1216.58185588864,26939.8904286767,13524.0314456779,12609.0087821178,3768.98049477898,7977.72340738813,8689.73637593844,199.36709715889,33.546851807504,350.576484500791,100.704537101372,583.163441764237,416.342624645787,406.194196175224,229.683032526915,587.997374068751,154.317106340632,154.386678795979,279.462470684541,49.7220874085554,94.6580408962917,375.32019631754,24.28564209293
"bin_m21.cct124_sub",283.605887194897,236.127581394314,548.723924008988,348.803873047076,101.463161485651,738.804065113336,99.4557131085351,188.6483310805,457.511806984022,596.619616314632,1396.57393127385,775.223326324866,152.798573102651,271.11808414051,169.20644466362,3868.86364779903,371.015592673373,8176.29594485228,3291.18493500167,15683.8822278018,12959.5841267526,8192.70092771738,9755.68353162887,1309.88666817115,1052.2856597241,1972.10166002341,5442.42308004688,3566.95988374519,450.525312660255,174.441369126079,7458.68175377447,5683.10760262171,6033.06478738457,16669.8863564941,1192.68368246079,679.092197175761,928.176977928983,957.409612180729,831.17261915148,149.16099167223,109.846691605957,2477.82840098883,140.113550676402,4175.39689550236,2789.39534523824,1023.16889401064,3832.90909526092,4713.18538221771,8620.16140708079,10932.7489222995,4579.85653082729,2727.2830751595,114.846706105848,1244.23436339685,1461.04502747544,2144.59412495829,718.525633110036,283.611140592866,303.330534936789,167.403276884408,215.14560686687,421.190590383092,102.061035812091,113.402374930988,9152.39672338211,8100.45378697235,21285.9326266278,1317.32176708286,3498.7733263261,390.686732981336,185.874193165823,6555.5018388161,74.9014323529237,46.2945811633825,408.647889191644,4020.11654763355,11.2190971475924,6558.72884147912,282.388619603117,479.007565766424,2247.83094414418,3548.87977407976,3104.79838772625,8643.26817229024,13598.539139575,4248.29235132294,1299.01332599599,432.399181155867,1552.44707191126,528.023533080396,194.04170794326,399.578080284601,442.264454026578,158.433952884067,389.33438864441,819.12047310185,377.586652438279,136.867792461588,44.3110712721397,243.637161696962,16.3617939435938,302.985418301314,286.512455286358,169.945175725704,316.082837840095,486.554059878792,222.504829739412,441.679698374279,102.948029755908,103.530029376544,71.4505928915767,521.53170297518,170.46895968611,259.50145431474,375.049505320201,260.651481921678,685.701212972405,359.304230349237,941.471498973234,383.26731281211,976.042262378929,439.392647807994,6096.38434796105,5.46623842310969,547.383346291733,474.191728885392,482.958407021763
"bin_m21.cct75_sub",220.174434718949,199.398065420331,185.016650384685,300.971507642883,290.373583006722,272.286436792411,316.474507046571,266.593469050556,332.040455659893,751.354929004991,446.326927753342,188.208273292888,52.7896722488888,998.677798121775,19.6316679799163,214.981012216102,41.4194621929231,1.92473849762232,5.2710498049376,9.81800405764996,15.7847044648515,5.07501969495367,17.7270631553916,148.878071066281,211.786519934447,147.176151704053,156.650703940061,310.811405304008,9.58775830391357,2199.56521451963,214.970345893941,173.182446048032,391.776396462114,3847.72676876158,338.671723408394,181.791630144649,205.967006869527,267.169006837401,390.253286262814,230.490674318278,927.349004799117,85.9480217914367,38.4047458447224,28.7550962870717,86.9046031991952,62.6916364791172,1111.23786067574,65.3800742593656,44.7170269499327,729.466499846065,116.923529501852,76.5157065395549,423.739131206599,414.464862251809,219.035630314337,741.319550227195,211.832378683445,531.045275302217,38.1215267599342,30.1471233663256,13.5154053891475,37.8391111341834,44.9393813684796,57.712555289862,9079.70717257933,37.4107743097226,352.588563197683,5367.85366600517,2935.85882200293,149.856053163832,142.422508318253,60.4617345427912,778.124654518527,141.328827685191,168.445671922134,176.067825732965,0.340298391634515,11.41799100229,30.7593005674948,57.9685576415155,16.156032874685,137.46312839238,20.0593440365462,1789.9909992014,812.597375585154,301.096226509644,2329.76802231817,5.14438243947117,45.6328821551162,41.2137695198914,15.614402865801,23.0149490354881,58.2347485145567,139.180606179898,404.753318468812,155.609488909652,145.03683792629,201.565613451791,179.937049249183,643.063910519865,212.130045741654,303.775369581292,244.044017744567,151.72216422838,42.6843615854204,974.927640152224,54.6915205607395,518.61509442098,146.054868449079,1908.6341470233,185.776976562353,10.2581456490551,324.832350488584,6.02314546171107,2906.88495738695,4.09729839208863,33.9204487635575,16.0079157449239,28.0963312260243,110.694967556735,15.1590292885336,42.0182596054027,30.0485829298038,0.92227530995333,166.898743742424,434.468012220352,5.56303121700409
"bin_m21.mtb157_sub",121.590146812033,114.395295385602,56.1500204012542,122.694310032172,59.9021605740204,70.7402897245391,174.636218967505,88.0319838739632,187.680179217855,136.731101490316,183.467157238533,52.5453923292693,235.122914241085,2386.34728756305,395.990264638188,1269.43372743744,433.281314641399,18.1878454658173,336.627695920451,46.461508467775,1089.85890909054,57.915064157044,63.5278548293734,43.951703243218,49.3263622586294,194.132925616511,32.2454758364013,161.105918888577,463.671577182795,346.252452351856,45.1476063072767,38.8274998478883,808.715292379946,1696.71971140534,1201.05156224841,126.019970653944,28.5738640255336,43.2977370025121,112.980265365015,49.5947949860116,55.579390994272,229.943014644684,70.167282667814,99.5576784508403,251.628406283938,156.607367748929,93.4429265787773,64.159710131555,134.688933476636,259.802059128255,368.451559713959,860.738885358172,59.4825162400934,56.2297589950221,87.2724919315941,51.1735928598439,387.690378840394,186.118910496438,41.1533127287379,199.711841002852,79.9457840533518,76.2431661711782,77.3344310434316,137.098646072164,1027.8509501748,1624.80481558243,231.083061779717,1339.62843039175,1000.89053024798,78.0163146479766,119.217484689047,42.0777857058488,584.411995290694,51.3631710968798,1422.50943340296,595.828108019856,7.10033841738318,17.119384727032,251.565202919879,331.529109371948,63.0289511857891,540.155130652907,20.9700365528478,1177.22358290072,357.63984896638,29.0536605683245,123.614743527383,5.54632638123486,510.326709545595,84.2261404270756,55.1243968967426,24.96507056055,118.977357504927,136.766666039454,23.608242105697,38.3113891516325,180.133382864188,109.351134267657,108.00771364138,118.06803204072,59.6854992699831,124.7091333404,76.3803875509027,104.004919911069,76.6947259287659,242.24735642508,148.18920245098,114.635348712556,108.954015754561,143.234413123846,66.2013450186131,53.9620948807895,54.2449602922615,17.0718028197008,326.337222583438,3.51662149473017,76.2432419820421,92.0336303103957,78.4277877142264,69.6323584544894,53.4830335734533,951.95654361776,47.497332156326,5.52733319328169,761.820625325501,493.045281064681,284.681574800245
"bin_m21.mtb170",4.38114389021098,1.07229310072275,4.80385164908548,0.627178412989097,4.48755883886799,0,2.94819864521996,2.34280333134501,2.70256471525211,6.96014577983717,8.35986428906392,2.06764221982198,653.224081252579,15.0401376722175,43.4444672270872,0,63.8319772477504,1.39363043784722,3.81656804633163,1.7100316493274,5.22900376318852,5.04360987098497,4.99158208079195,0.313819468094949,2.85209894697375,102.700973594516,2.17343903970719,33.7360655428825,0.344644930689877,5.69738319791981,2.72470975445885,4.15263900511614,5.89415617067179,1081.06735782923,38.4604901321767,0.457043236415292,0,3.52087596865354,0.653443553859342,4.40742593205633,0.906501192291809,2.56248241674781,0.576746607137291,0.488252438357218,1.35947648790163,5.61529987111144,2.9455908573003,0.215318189712098,0.956309578027,4.18064051469476,4.47000399603293,1.21267957696665,8.1745068970639,7.13306774359448,10.6514154194512,10.9127111049092,10.5506944428629,3.37289318646229,0.283724672871217,0.741741516567867,1.54283696895881,2.60932104519901,2.20870166338504,1.13565533921243,1603.38615878624,186.033537416924,84.6588999544598,23.3744806089098,19.8910959388191,5.39826403898138,11.801514558731,5.56255852476104,1.51323728618193,2.06193453469349,2.12377123193559,0.545603100229546,0.862390236343059,0.545956148468897,94.8267057089602,0.417640226739052,0.275709803695145,0,2.18644070607091,0.936559724467959,0.646891654733071,0.397729169802792,8.14609864350964,0.827745109320365,1.89253192882895,3.20136912524074,0.94214993921991,1.05565417502966,2.82111417730315,8.15275594049923,2.49570087169833,12.8543998242774,3.50735569372809,13.9337469309089,13.4873141954412,7.76377072639271,11.7826571986029,11.465276066211,1.53682102624032,12.5903343297198,1.36709596560081,2.11060905939024,6.17328584365544,7.31987522103265,1.38368166442436,4.482756812566,19.0721404172797,0.559061831110606,1.00104894990469,5.47937110061062,1.22306240000617,1.38445952751425,4.56939824783353,0,1.0419837408419,3.79554330948996,0.336984926568695,1.19913762155034,1.92297104241664,0.779082164433942,19.3331276669462,2.16271177303846,7734.21129356306
"bin_m21.mtb187",9503.09471371112,2191.60268370712,2820.03458678345,1463.38349145126,1230.49615671757,874.303330818977,268.352934531007,1807.38137138995,2672.97352893464,416.563821590403,425.563124148031,328.820682168485,3852.13295556405,4524.30867357568,2668.52872131455,75.8924938525192,2225.12134951336,435.359006715279,65.8214242737907,3764.60342621045,138.433108604303,63.2888044369243,154.648548790461,1548.69862331069,793.656813978623,2144.58773163925,2296.98682143587,4838.69953914297,3193.80351003239,4165.81898718826,3683.98162995369,3022.46281528636,3134.81692192698,13368.2900755538,4230.27613627429,137.735068369638,108.992580499894,188.908039933213,162.236032083985,558.762898380376,577.026812295263,295.505956552075,87.4858070472085,261.145341963028,184.52187775776,229.638372688547,2912.71323301681,56.0631146516955,3245.10692883177,225.19640133227,132.502104604479,498.517411563222,433.501264095714,974.695699355302,1279.10011399596,478.874587905738,483.369245401899,906.257547159057,493.385260467035,3596.28287939255,613.300045952541,1031.72007107181,1533.25618167716,469.295573628933,6286.20689876918,2190.87768130739,4466.84796904967,7813.61329492965,9133.99180891902,3033.18897301479,1090.56854481308,5934.03940622542,1545.14150536955,222.646331876526,1701.84368430493,51.6183691750116,4.34600167638027,38.8244249056555,4034.33134116079,41.9535108866196,85.3113154804117,30.5639275583547,138.098942513284,130.140001427415,28.7966671319784,13.2287082282508,63.9729066808097,404.626587441107,630.337428297772,706.165710820822,1032.52073205186,1031.59783749766,2223.35473214223,2080.66543113952,1315.1395948196,1575.47391899629,3741.90661296457,1245.96403307056,1092.97193323529,804.842026180458,587.73729642594,1499.06286152811,1192.99189187612,1371.48517864007,1085.74031432582,8610.92984425422,56.1321210627438,3397.4209978542,3115.0125561695,13035.1816175505,1751.80152781976,3145.26385549647,691.806129471005,1767.44217924382,5894.98752503853,1927.11427224548,269.74050710062,381.339937754222,739.465972515091,340.470910562055,323.569441383852,2201.92069299219,3136.71216561831,4.84227879093921,9591.24015710205,2938.79316714131,81.1410987503023
"bin_m21.mtb45",36.7121850084394,38.1330567325784,28.9465336000773,2148.37679986894,210.655205274522,28.8277645490097,43.5129694484643,31.7818538776307,48.0545167831026,65.2325247865869,36.0854396371549,32.3277654386283,1455.27018412213,6413.85491486766,2991.14123180903,56.9688067150318,29.1711655264441,5.41177938047335,44.4617676890361,12.3721811450777,629.680946426181,25.2034044661675,39.7870448607986,15.2970302297689,22.5746154922744,51.6755577207773,23.2696624188129,760.975023437185,22.6107926277191,318.389094260815,23.8801864351066,139.826169928021,26.2743698481299,63.679227299748,69.1020838601256,30.8254968863718,27.2254648219769,36.9153466496122,36.7265075271205,25.5930527359976,72.811468398367,34.3037069513204,28.997397038052,31.7329465659492,36.3427933349184,49.9824069185162,34.8077309405979,19.6710300828531,37.3310952986723,22.7494709321614,45.2222295233507,34.2029849713731,37.9764668071754,48.5952648538849,27.0138291541999,72.5719065768863,40.0465601330535,57.9056223635774,24.3548384936291,47.2983555388039,30.2712342886001,29.5977951297637,48.5835317401954,34.119506533805,120.324685430622,103.469591731722,478.810255151775,8279.76707633338,973.325951536802,30.2524417173216,30.5519509394727,19.5336126713408,24.1235098675574,21.745201369787,21.2459395200867,16.0575092585263,17.6255505130155,10.4887678816065,2573.1989119499,31.4968809281566,13.8620089760292,24.3373891447854,21.4495310273356,24.6924422923244,15.1713106923915,16.0950189940914,127.989296855953,7.10533851264296,27.9714645817372,26.9897315340004,25.6100558163931,14.5634511053648,36.1083182794257,28.5456997252021,42.4634848450008,21.1614357263996,39.5887936570164,35.4264111327619,49.7489878752544,79.7347482493679,39.7343439143133,58.7360536242916,26.2494361754716,40.8899991243757,23.1209600716979,39.3406467975569,42.1244168988032,70.9121869190832,19.0888083824116,32.7994880787978,30.4618998717845,25.3659818097551,11.0481085801449,12.9585543122152,34.6029568917151,8.63016230200558,18.0942081333491,13.7163122543449,11.5708736574601,28.7726782257998,19.4222009457631,29.4096011248696,315.985862769868,8.59836509127753,32.3187243648031,43.7595350160745,10460.3067267862
"bin_m21.mtb53",121.655611878369,101.866183882676,138.223789951244,157.147597864487,58.3459885475634,135.87277490335,36.0541750487866,47.9047570344796,89.6611101906037,124.02385779726,54.275456370542,59.0833132417129,4390.93127953419,13317.0267176734,4787.08650484486,97.9331281604552,5209.00325310616,213.501738596315,103.91820420775,10400.0357053124,298.491550112507,103.984790669107,144.304148266039,4813.04538027614,761.356317468631,4816.47193139716,246.91779217463,2678.30346779364,61.6353458350922,349.49381475224,783.967188314162,1063.15473634721,331.674566348344,5415.58597374469,104.674157943885,28.0202013941033,33.1225453881167,63.2647904844585,98.767961941824,13.6239574204483,81.3141902390288,107.327207123293,9.28782740233733,105.215777640418,34.9132128640205,66.5489643381584,91.6930861178002,27.1920828720735,100.641943487751,139.299313045929,49.7623358894008,13.053448841626,22.9172316560468,123.770408008977,69.8971993280382,173.95769970787,11.284520550999,146.511577587821,109.657270994305,77.7464790011364,70.7445174769974,139.329652327901,46.0987112547594,60.5717200836703,5743.7862419786,9919.42972959024,8504.84493014026,6692.77646505091,2029.46641285226,53.3492305737488,110.514921859614,57.9331307715678,11.2225247978075,23.2435254673552,58.3593346361222,196.073171171056,9.25852193377367,151.854516717832,4758.53694975138,22.300693008537,132.965803509307,143.764587031063,143.156700207572,277.115497000888,390.722201666277,223.499450142514,523.654632314572,238.18361858842,86.6188596613849,165.770795861446,90.7671367067528,173.87792811145,158.559238582242,82.0111446946482,170.280100564498,81.712510620875,119.922584424493,59.2065815874854,21.7741724557097,166.770436115689,12.7606871241807,177.218738688707,86.2482871879938,84.5358132465977,117.367595067149,41.1444367003741,10.9709323337755,172.163923847001,10.9458237175419,20.1370818700141,19.8569702123145,146.812646990022,16.3092652108048,57.6372138807404,51.2391787995892,108.052988564997,53.1714709547068,54.9716737977184,108.088234013146,73.5520433733786,53.9818502728307,68.9087242240555,175.372100043179,6.27310207459908,41.351905514839,126.480397567291,223.16836668706
"bin_m21.mtb57_sub",170.505485100265,132.110264249665,90.0835705636274,186.989391146013,87.873593887958,233.338673769412,154.798434925947,66.458208302934,158.798899748827,112.050823340681,212.100671685151,96.2721575668997,7002.52669957092,7322.87270091133,4898.76053860661,70.9818373136816,4944.45018458679,64.9578886240625,194.662245459426,1743.73883415604,633.194037151982,110.025208304661,152.913031849391,172.283093449997,26.8065029252033,549.085120674083,337.491945133954,4177.12652851781,170.142781736213,1092.98199166174,223.786648295985,255.004836210205,405.733380405121,133.412021656804,125.075322235594,96.5527759074641,42.2770408850411,71.8929135629866,112.821743629976,71.7014842311887,72.4775272609276,174.852999877708,92.7221940993128,141.089433993689,161.916996080499,160.852974007124,188.536355659069,143.25095608266,339.29062512204,258.61533968029,256.04487308605,239.468111330453,108.568276007808,138.275704168865,87.0967899079275,489.481934747716,8886.72913539454,2328.54557720183,34.6136477248989,66.5897399660074,27.2762338567172,47.3448664658256,44.1005304372864,229.038488860502,2880.05202970648,1125.76637194389,7694.92884148701,6386.82450655059,3207.78149103242,501.129942474722,134.72265621019,69.3604630214388,1416.55606991587,110.00003727357,1421.32106407922,31.4759818698408,5.34962499660094,23.8950798250656,12043.1508838061,42.8549602339014,32.353131928955,33.3908557797568,122.915098167695,116.678485321476,17.6397438747213,10.0744602163482,103.608786586478,13.90651302462,129.498836397844,134.151028948135,32.6312033453243,43.2018446964079,187.396749526588,47.4682123395174,96.4366221680807,71.0005657275947,26.2897269952084,87.0107906933345,123.284471751566,170.318081222191,90.6867407996196,177.727041567471,64.8036733834621,116.134607135549,141.281815182726,205.445380480879,256.531672927415,258.820124676707,66.0439382746735,137.493506934677,46.2526133091169,137.178749535992,43.7558096340331,16.5903211874095,1003.46654164338,107.232632593635,5843.32975609855,211.952759703962,3406.30424284594,347.819671064087,1714.65291753503,101.536266096591,1487.30712082772,7.85337139050844,112.7627596108,103.749230218861,823.88425037983
"bin_m21.mtb83",163.850091245146,165.080925864985,158.811011016793,240.53156902992,204.624580231475,184.662413164526,420.547544698159,362.937385045602,346.67103691146,726.076034303492,423.109143371344,166.940905331371,118.472206168346,283.792692588259,107.87633182546,6617.4202229043,53.5009701777003,17.4421231691763,188.732118663705,23.6549246016104,44.4331179631486,44.1392063006007,29.7761120374959,154.595430481219,442.98820427714,138.165475505039,183.223418641697,286.072550245235,35.0264187416103,945.2855463753,1359.31937329567,374.653367750692,852.847146908712,1766.94205168778,546.531780353782,522.298922502785,182.657984131287,460.405620422456,2243.66607981245,182.977398874617,962.227055930655,112.007395133903,85.6430513365289,537.28856207769,108.535658539887,1511.8791147665,208.646046400429,75.7390933177583,57.7741571685656,52.4215825463446,2379.57874204497,1021.8393885077,346.512866570598,344.792505674614,152.444115158241,683.448668222429,233.460236691137,456.57543257256,422.273516832943,3237.44310188766,427.364964740052,342.385194139901,197.97125104746,121.554422748343,1389.49157104456,295.24644571587,338.942379378716,1475.96596263754,305.118675625664,119.296109198264,158.901091550691,73.3780838750058,66.8563580949479,235.167648913488,55.1590656132177,1030.75179878029,17.042103974996,81.5846292623366,29.6438637201591,2136.27858786954,166.722039826823,193.627242830455,59.8729667339624,1629.95572962402,183.535022741033,300.016566942478,433.493269569646,29.3265981940268,534.443351559592,897.102983237396,151.251307013406,21.3579819187206,309.608164835008,154.205755682436,324.094530670117,147.243230703072,115.487537832993,192.588640425962,182.762904714159,483.832183765527,286.433477300932,286.279843982201,229.695246897615,130.844030778317,45.6053009660149,695.940290950367,109.850134228181,589.351697457322,87.629702077822,411.713475537947,200.212285756478,40.5089188861262,41.8252330436597,7.07137701923177,65.4056760205782,17.5879052698013,567.80276272768,106.984200997983,1819.6027980562,304.503002694303,232.695651541467,27.4882060488063,178.060639060801,99.1930270412488,198.543017669867,342.395453313415,144.56436722866
"bin_m21.vmb10",21.9881230557687,16.4939807747449,14.7219180479375,19.8304373812725,26.4861064067889,23.2713299706259,72.942474805583,30.0307763180352,50.7354025093127,84.78003478394,62.676296266312,30.7106089870121,986.984345717186,1231.45494794738,20.758422071211,1294.32521717733,52.176219595741,28.9793537074965,6830.2286240889,334.153855650507,591.17800254409,34.6239602981678,48.8377542021805,323.151663651267,21.8615941055374,85.3241809122695,18.3827139189356,173.811352445349,29.4517674167454,593.520287266464,22.3710113255536,110.599713581647,1939.96798800347,281.456750520865,64.0269370253707,30.2039319960831,20.0050215660103,18.0526700203175,34.8691492484398,38.1069346628903,322.428268081337,377.858596873879,25.7930626645719,20.7228222461624,1702.49996862367,165.909402837819,188.406075705574,87.5844767569787,41.7689247064811,1525.79053294892,102.842368639083,568.99782943391,52.660351690752,151.486723314296,27.1227431771613,204.682768742353,81.5745748708822,220.49740894065,2062.99455331981,67.8932470408888,24.9624141896613,851.04243625282,21.863016355792,22.7369298734515,31441.6935087323,8839.75773304437,1982.12312942856,259.67180033772,36.8528367966185,84.2045917970689,57.1485058676353,14.8847162411947,97.8478085616691,79.6439469824807,57.5029454822128,275.769715273659,0.327537311612038,8.91626907221443,46.5452587429632,2178.01787219734,28.4301395913223,33.9900317420899,49.2020284792593,40.1237509756767,17.0447836771487,20.8460357969081,199.846760236982,5.42303830398071,300.528593511755,54.6008609966841,18.4282545522652,10.6248912286013,51.5307251625201,32.1458416906479,104.14738452748,11.7371597032579,25.4309960365169,30.3764319630597,45.85861966624,1712.54596907659,35.0547439531861,108.548164162106,274.79164177644,967.087936464147,22.52140282484,95.4721072850731,58.7668836060381,261.885546181287,65.0336819486291,50.5659973614379,24.8161470102997,19.8531033138479,14.2575049565527,6.80065473696271,37.4271388324501,7.62439197735873,39.5903044721252,52.3098347823515,40.9598390259317,55.434301897935,22.6537806301165,59.9807307851039,50.3939944944334,1.99730313684115,30.3408199442824,117.789002738598,364.100515058579
"bin_m21.vmb130_sub",219.192719231464,263.38769164364,233.975135193369,326.657483571314,367.718788100594,400.249944432056,474.667479585578,415.987005183272,525.527600975536,1745.78155753793,591.925274370089,278.276456716384,27.2232156621865,40.7362545078803,409.391661923446,27.0978798058212,7561.46727603794,28.098806725297,67.5515778429508,18.6560045038618,80.8768774339592,56.5568110063718,160.703223721133,161.130095921027,352.548712345269,191.820872365663,182.120322851606,2560.59169916426,36.4575989165319,244.918741363768,269.060171562309,256.341605640696,223.644085965866,358.234746259054,224.468441237148,291.473189407002,451.14045806627,330.341903560292,413.837199699036,218.257138890036,1060.3254566148,48.5396764446027,539.851125424757,67.4266866702235,56.0970072233874,127.870960017192,212.783032405234,366.09746770709,363.177218037787,420.92759086366,536.005144546201,91.7728080297109,420.639202125506,472.173248652609,157.836233333176,869.204848466761,223.041201621557,673.29917497726,93.0959822464285,128.109566355823,543.054220676852,68.5370532281681,145.188229475972,172.156435281411,549.186050085182,58.5192643638636,381.629926861196,11271.3637849944,106.275819831854,131.325427352384,505.544232474653,41.9471866306041,88.9188825852329,186.111973488304,52.6375794485985,37.582933232936,94.1639480709683,25.6344542917183,9075.3933689626,1716.82009733238,183.216771436325,42.0136636170652,151.424462175769,94.2608257060392,9.64812012917505,59.9787596365682,238.960243660461,33.3213494177927,76.590735325179,268.245802841053,207.827482729621,23.8599376952644,100.757774259397,307.898363943734,568.50232979128,522.725871852425,186.213948796684,264.978283572214,265.963335154506,750.646883001184,315.759714988887,435.957891306013,1153.08631090955,307.315229833381,235.676872983637,651.845512037366,1855.02513865127,1012.47752607191,200.000912715346,158.644382060639,326.073976805596,8.85287696844436,31.2736071838087,26.1598614208977,27.7965215865271,5.22588995482088,34.5486063046024,61.9249774677507,30.2501103402536,188.315297352268,73.4352998124001,20.6666941469014,80.7297720464341,0.645538146230996,173.591685733012,531.147928825637,0.235987435704099
"bin_m21.vmb39",37.4505148987363,28.7136413724444,13.2250848066311,31.8006076664051,26.7037591473923,12.0312568547004,2054.79543659786,1127.05349388324,894.844907024981,4225.04597509301,1139.68954134272,1700.33485549838,211.347481430744,1480.88963913372,102.157702439077,227.256534588372,97.2209179865443,57.0141392262339,45.2641803915587,30.696843442515,35.005293489755,35.1397615849693,36.375425449069,271.16502235644,144.002796513781,257.938844779294,370.091659331061,188.385451405476,38.7952676512661,31.2795209586367,260.293683798483,121.323057614013,203.096758314688,308.512339725631,102.081998874967,259.957112654653,330.283933595684,831.246649989064,34.9955508433397,11.6992627257124,34.4632286372358,957.893512008348,144.859005183209,134.859211576953,1000.69941724864,227.948464292793,146.996961991931,223.903122717762,56.4321331766257,260.089811028806,83.5490737268156,185.817042429471,29.3107591077317,25.9393312378932,23.9285055773553,27.4735159170453,11.2112817011081,31.7787777235754,20.6821383533885,103.847427773908,46.0571996153913,54.0859919438952,24.506489418815,27.9163723380381,53.8936646311661,7850.92849362674,457.721002505399,254.054852815047,138.589083934554,18.0959679808918,41.0466415217134,25.7449688239195,11.9124685770106,20.2451529950207,7.70459710697142,37.1203396285758,20.669576516632,2198.06890743049,62.4318579549315,65.1334335629448,1041.39902070599,7.82436263242004,8.13167416035766,6.2233077265846,35.7674036754068,31.3592428476223,16.5788977817988,17.3422058536288,84.3148624172588,32.4447567547945,50.7688551547258,8.63747123704741,44.6789112200988,65.4300061367049,13.9227829737313,8.81924318366756,41.0303752453251,34.8240642358192,17.4104410770886,92.1578837366248,10.3872770704571,34.037944124791,36.3624151519313,38.4356748596591,13.3889679495954,103.092015113317,94.898441656896,203.99569092649,84.9678735886483,341.590552097629,81.6154900657263,3.32676473390679,12.7410665797816,4.26978847159853,18.2815927723582,3.54708591787125,37.6705243297711,44.2901583496706,35.8248204821289,24.8102002017833,17.7132128268685,31.51562314004,121.675858472467,0.57950277706891,28.8514694231683,26.5969186863822,14.2643703700313
"bin_m22.cct149",5.75670904660597,5.16781423824561,4.72739333575247,7.91216934458676,9.97403021854819,15.3107834791017,6.84558166139221,8.19144959716665,13.4747207717826,31.9464363553156,11.1862800319566,7.87135802014591,5.31712111991439,37.7475720493669,42.9082693771325,35.5297902312725,4.53336824227361,16.2863395227301,21.0384146402328,5.84973140152682,7.31313980930065,11.581664125201,10.008140862581,35.0229711148755,63.9492737687836,8.39513003793575,48.2814903760265,11.8411244642956,50.5460029325017,9.07575166772748,8.75431904124493,5.98435335208708,7.85802894094782,12.9912978036074,5.66020018418464,47.8542212469539,5.99432595885355,5.05728606995599,9.67404019782051,6.46789907354853,38.0342236691295,4.03582986729688,55.4279999172353,5.21370039342688,6.68033514183515,46.0371890894123,4.3524259531324,4.47637649897377,6.3861088701926,2.63375135663177,6.62854078585091,0.550060560871901,125.794680575968,27.8612107498225,7.93030585671114,29.6677160982499,8.29268157607217,26.7734958022271,0.965212218814936,0.747660639526997,225.399388090176,0.88767343712128,0.678334062369257,4.752623457744,22.4531215867465,2.41262816444487,16.1941571716412,88.715233956618,4.07525381855914,6.52961084728678,4.61577595550955,3.44062714143976,5.89867125917193,13.9511851126843,5.3870066936459,3.93906724056723,65.1954105194435,14.445713557232,3.64513065637819,12.7475889649567,8.38940744473869,7.12906589305301,5.78520751865325,4.17734825283224,45.3890625320217,3.9088048577693,39.6442403260924,0.430211999211087,9.63857380589751,4.04625034325106,1.06837686936445,0.731553853154838,3.09910885828034,5.47403809545755,24.1735037555209,3.72734994479061,30.1609078806591,8.84831138943402,7.60669453779379,24.5776703586427,11.1343905099479,18.6752070754982,73.152768707822,3.79236965210023,2.34691551277624,60.8318246972402,2.63454690408611,17.5695484869085,4.22775558502849,6.77779405048396,5.78510133906759,332.725208062107,544.648934054489,2583.73667662568,407.524881132293,771.279585911867,11.2627724204919,9.68643633087044,8.99318353610326,7.49949998496498,0.891644454590026,37.7569780792535,54.951270446073,860000.68804902,11.4442553465127,31.3098232584663,686.460882426991
"bin_m22.mtb125",1368.82347441451,5385.39556843197,2937.24541258227,933.918075743203,1664.63033661691,1805.16917625116,1223.59019719802,3534.32148063011,3373.75573458952,2745.88296569623,735.288747382659,718.240734445864,562.255402759765,347.350170102348,416.530499370944,375.810305545686,1263.49334905868,389.450684717514,868.863749070715,370.412961609253,311.479564306197,600.473481723829,634.743533603474,181.335752611291,864.030857329622,482.960608888082,412.443231468298,647.873385690089,2565.6864809878,736.755249866477,629.526499381576,864.285627415263,668.868588943783,483.319858153687,637.301112785841,4105.06551766902,7289.08881427387,10341.5562254097,1505.4099078147,674.18713692541,2063.975273716,2958.4402011198,1877.72891781684,9677.02472345776,5509.09235527035,3155.34960218292,436.530659534332,2389.21074605857,3625.8981595094,2731.1974368611,347.672058771085,2618.5352993473,622.738829219439,439.354431714908,355.483745671337,795.884186876253,414.958673937728,775.095368508793,369.671337453047,692.869196344471,824.916168377542,326.420193606379,575.778013912153,421.590690784348,496.180238865981,490.82524618222,395.033397440088,554.113809005013,648.904070028946,335.472990022272,7865.99574241042,1276.85578232122,555.621358901801,589.278829045828,334.746305580649,300.93741917597,839.133895034778,457.374301690973,1050.67970019734,693.089957750782,433.266159255632,628.748556983258,1096.61835530697,422.111426587939,206.475572286624,531.594575134866,2191.41757628367,248.123268415535,1357.46127973597,475.57032219914,835.955851979625,358.581303610457,1700.18364657202,392.049750638514,749.233755456826,1622.2660471288,179.778119186191,744.771669920147,18076.840145348,448.770975522474,1041.15581492103,7219.85066338702,613.108744457656,318.340298613987,175.477026321589,1291.08481641979,621.961647603641,2016.39140493407,2466.32650364274,2053.20004803002,1215.65062741759,862.927154356014,417.203820690622,5959.40802600273,5297.9625525955,178.904371761404,455.754323343215,557.533104397301,2918.47005275493,676.346256221469,46539.403342578,6989.9135377568,734.66365761825,4.83876011096642,726.629407416758,918.474329663431,59.3704129156642
"bin_m22.mtb136",1105.1811598227,548.48229818441,1000.31408266846,927.081168398588,48.2939217016713,9.64766915411376,1731.13613618731,835.101880033085,4968.56567881918,361.197099949198,939.525133100834,93.1333874901914,19.8498795106055,119.882564527372,34.4698079889836,49.6643854742076,32.8555893488515,19.6438507524387,37.0074882289099,74.3493032199738,67.6702508106084,57.2552699240247,36.0929172718238,47.1139528629985,51.8034342024533,73.9943584307221,86.3553976670703,73.2644430775917,513.114361540977,40.5385770459449,15.1925887156947,12.7673355981587,27.7589014361891,102.931438925743,57.4386205062393,687.718961798634,26.6178790776207,909.297731639188,51.5545336956679,79.4646263799736,302.030266358174,591.605823572994,29.4626320856434,65.6805455798258,6502.31589663323,2789.50837471411,1032.03279245284,72.2290970122614,80.6967593052461,240.853439159419,1924.64893131493,2074.45719015052,2152.00609261181,52.8586041605206,898.712222227706,131.028564911985,3015.59088678223,1711.52832784042,22.0628522115047,36.3475449274907,12.4351882976562,22.9563691585451,34.0056272371466,64.9204630479013,141.857428313873,198.020056567665,56.7893990439006,141.358159094002,80.739358696728,897.893883831444,478.296098903502,9705.21847010183,2613.36125391465,159.402807022302,1882.35280725325,30.1633637227919,1.63164833074948,12.4987292867305,60.5138045448163,23.7053464926357,13.4584375934662,36.9433187973032,17.6846534329277,54.8604239764051,26.3449536417627,11.2875953712841,82.4567430858053,3.17135150620721,1281.24396928714,361.149380538477,14.4386893751452,8.48854645469955,204.362121890841,15.830993916322,25.4981704855227,23.3877684875726,18.640962629744,30.3698836154979,76.3112476009371,231.078034352158,20.0635825009751,1359.51296500549,47.9766553254615,239.847695766776,38.1516874897151,875.727846449875,231.940203610391,1035.37029453006,160.348539678213,554.17513967825,39.6930846856484,239.26279584356,1070.48404219736,81.0848146626492,1960.15934998698,7.98919154540231,1700.53705914192,147.159360255386,1975.51480186284,3007.09249833697,1069.7918359426,1679.93841590494,30.3432101568799,1.98993898630252,3309.03499662762,622.127265658254,127.223971794109
"bin_m22.mtb157",563.053088848907,393.999332534799,514.741061976533,603.879695321944,222.773780290762,574.636297690475,173.61693543296,155.027730070106,322.055713489372,429.611301244479,289.669373998045,271.694107584853,250.566485786046,639.047396353372,628.000918970993,178.331315569912,961.252906715407,1249.74202743502,532.471161839173,571.68198601503,1490.40482418497,567.743344519816,703.811674851154,1136.99171191145,300.290186834041,575.038801315106,1051.72327945805,616.973487660937,3661.64109559509,73.6215427164383,176.618476284219,173.892593547456,183.713506785232,640.841376689908,87.8169725683744,193.515048596674,159.719072637049,192.199401345195,397.027678102079,62.6577548691162,287.545396995464,401.613501643634,51.1560167248707,300.060381812455,171.823732838299,188.682534945269,283.136933068756,124.27065091938,331.898844168711,585.957355845729,250.327976134832,62.2793004995282,350.656776499854,19747.4502071336,9263.58346177496,370.659276265828,82.8311023012489,194.606909675144,194.34886343524,192.377977063038,395.416831668242,360.955379509227,139.171164831564,220.779331141763,425.052667129491,412.603467017476,609.19406967611,418.085539638481,300.629781739434,7000.11109568,336.139562576659,1807.51055977961,39.8010160553166,64.0291044326771,5298.05132965549,570.106106577593,40.5937262997751,665.675640551922,361.710461906053,49.000338428382,487.255574304248,245.089508793023,323.347933659928,515.201982091887,756.192787039108,582.045584808371,1676.5648786432,772.789193057163,233.346140182022,521.729651796224,369.788217813027,578.861762474133,483.728866377261,267.471266519803,313.852684169548,378.989444418664,394.705625305313,194.609745220741,90.0180012362385,363.063518646675,86.6886775165655,410.910283962667,284.11565551682,334.881370556032,465.142779065364,230.652464264233,81.7748006194663,277.44404806209,55.7344428096838,82.0939141993442,93.7118726280299,2225.24775757221,66.0312926807878,328.312404251471,296.447638900741,589.755492500465,269.92879537748,379.953737143515,697.969781544031,128.844184366453,373.59216500452,1403.03296311456,835.04864082508,2.73674007663363,4802.85301064386,7213.00874805661,1246.97562058769
"bin_m22.mtb184",56.0715791592293,155.312721294718,112.67571699474,75.649738579042,113.17186356301,57.6147647573646,77.1681463024588,88.9368868555528,110.69834658208,271.748732411608,105.314837813261,61.6389433545111,11.2189265774384,0.957387108820275,0.553095640202949,1.795008312955,6.6892279166285,1.78755098333312,3.20080633235495,1.51849763474711,3.40510377281396,3.88153539399783,4.36825527803021,37.3417486807603,118.497152898587,33.9188111382594,44.241551301716,69.7145749189425,197.703512058831,103.35307425099,78.8480688889968,40.5626981271278,60.9215781332272,86.9347132091883,42.2709397014898,40.9459165378643,44.9285742376707,71.9098749739796,96.322143257891,48.3465365277073,257.231839415651,88.2376194723021,14.1694129477782,42.4893872364658,4.98978809721497,38.6298986683354,9.03593932455178,16.8257086056575,2.26452546714157,7.32164460622393,30.1262438306473,28.57247411694,1902.57946752623,115.890945139358,69.743696211647,1531.58340685768,185.991048450767,142.267653686893,1.34371078599642,12.4413919226881,2.19204765159599,1.8536488898268,0.490328388517159,4.32194994877169,113.830832280573,9.49247093344684,71.3797876127506,59.6274639186953,19.5927615621068,517.200224792351,59.57887982096,238.394106934106,4700.64552477507,729.952783298813,52.2095377680558,8.01027124648874,4.42460633214416,32.6435849557232,5.23311228762476,33.2539561319065,16.9747841548403,14.7410385559611,9.70772980134418,102.127762179783,42.5082513266213,115.843390187422,44.1053893209062,0.245010863038868,4.95321994061727,3.6719450690386,0.557748918407553,0.312471481356099,3.44455666068991,80.3976338291638,108.592187599474,101.428615308407,30.0125545888526,192.800112733062,40.0489118227198,147.650373643254,198.795621583311,80.3770653899201,81.621319209767,51.5916867812338,11.6676279208791,50.353719512566,49.9849499742094,124.366750461887,34.8131906442217,50.9524557233945,45.7200790578111,190.193014417786,109.699971401036,20.1576845270749,4637.73398150713,8.46914202261457,467.412709079376,43.1889454514575,508.627194605021,1932.3736862471,364.275498106303,1.41976915478078,1.59374741126127,0,92.5328178754451,165.160833919635,4.38371481203384
"bin_m22.mtb2",63.6848535338991,55.4068647709001,40.4704434698904,50.854335201589,49.8479018214165,36.9760029638781,87.9428169714835,48.4223529097237,71.4765429050989,100.997897859655,105.975592001014,48.6836564743135,18.533580931666,70.0222994365795,29.9558982063342,75.1807172741839,16.8092314409935,11.2016813335947,21.0691602103939,46.5814191978127,15.3800372094513,43.7023400211735,18.8625184540929,38.9171643152259,35.1768799884859,54.9501048578674,229.925384920881,87.3954326657162,313.425716329585,717.215712945035,45.6981953104945,40.7137734761419,376.446128975798,688.967831706735,522.012570722099,45.4558596227518,46.7040096685111,72.0250352674986,87.960409660412,80.6528374898882,118.501621590033,99.1355003371951,24.2995161290136,56.4087353385698,116.716475350461,76.6550914713246,21.7128392700841,44.6172630485257,40.8825583669719,55.5742388423962,99.2219805903584,70.8228022886089,11641.4147157817,1547.38687680061,3635.88515861781,2618.95954736854,1253.3782441631,211.819718764759,24.2085305468559,50.7093153385799,11.7741069798098,20.8809336311284,33.5064180114045,66.8059239014531,976.355937088925,77.5526497893872,63.3563349995645,2330.44671680754,177.523117736906,1172.33121716911,33.6172097390825,3021.46959079578,2458.30686291344,57.0414851239634,4251.26641792444,26.4282541021194,19.3478069701803,14.1774880534279,41.4529747124081,21.2480463269172,13.442668379428,69.3789888081936,3.76588031914062,13.6990360424093,21.1696637113537,14.1223735581165,61.069399610601,2.19337089572755,45.080936936933,19.1928643159004,14.4798302646576,9.79050665581778,25.5099011953504,24.9006342034635,48.2759516691225,35.5548923726728,27.9660141541772,51.1982889873806,78.6255341002584,99.2625601831149,1003.60916771761,67.3175752088431,44.2134392655808,46.0813301639467,30.5501763211697,88.8124291938039,153.343635663417,159.049747238606,25.9099303314411,70.795701912323,51.1615533654202,127.401266947768,367.295836052829,26.8607352465664,3453.12022599073,7.21483617708074,4082.43328475831,624.098810256429,1991.83121093586,325.496795393332,172.160278985217,837.586921827746,185.069152936405,2.68375006181403,4484.48815553818,125.389570579786,89.0528233214906
"bin_m22.mtb219",181.280736813393,462.58299647503,108.141594099309,141.516116529036,797.370649630967,190.217383622008,586.035569416082,552.384917095634,301.934277547874,339.3561940468,627.555639392604,706.221932430141,390.535936387996,173.230354109803,291.273641942874,450.649073208814,425.496428092551,364.228522357941,3088.74227418095,178.431521866647,676.077951251131,878.053227925157,840.222963483042,103.826164023744,1392.25746502979,501.060859994632,480.877829322501,498.613165040426,2477.84377755033,1159.60607835537,1014.69046014811,718.436425272389,459.932731346277,358.707067737036,3514.15992494836,531.732002429276,573.365929770222,286.097319116314,172.882470829018,2415.67480272101,555.882723046132,214.179316687229,1253.79453978053,312.200838981951,343.4503176991,548.400633649718,1256.26486271887,5479.69692693012,2936.98365601517,896.451898923948,1518.89017030212,3330.38318654021,2045.95677083183,407.642906861673,247.056046150865,1699.54458352032,2222.53516123661,26475.100773487,7319.10524118983,709.578152917573,487.65504169703,828.125584308244,1349.81471634894,1070.55915791997,1197.59403043886,398.846184096216,187.940018873034,549.196878387259,2027.21082659742,3130.03568118019,663.22602654934,221.771007270775,23533.1577966054,3581.84305466401,315.508605756435,398.091300312728,1429.27334416011,417.288354348093,333.742257364809,1247.60762533313,575.7491059982,757.856783788863,1037.86698262566,453.081876861715,114.838399402614,920.479305243782,482.272394722656,202.289150223403,2011.18351272937,426.283889845482,879.031668176893,296.087231231551,352.292425608098,8711.32497180223,20632.7249623467,4397.80182404232,3131.75428380935,7103.26886935769,541.726024348136,505.101388817618,652.088940901173,279.927684324685,472.58326986231,542.185422420623,121.643456605591,1811.85653974584,735.948815033472,3742.24697020072,2153.47320466843,4628.32200395815,8140.56933413868,893.737691104722,108.173809882278,145.184890365931,408.973825720593,108.061889637052,2203.58410718141,764.234839457922,267.418450262445,4252.95237011949,4198.34796962138,252.806914848827,889.206666021539,2.03585411592536,4332.39138454836,1058.44810298107,3.36526390991364
"bin_m22.mtb86_sub",319.9977398906,1802.28299136579,3031.87133325822,341.833023593953,1879.45224297405,1059.24053514902,2259.73295747511,21812.2579592874,898.665362323002,3643.76941808628,36725.9905893899,16228.8749356045,444.474410753428,1852.92853536138,1506.48492393803,1868.86257254281,2646.19409699267,829.040730411305,17631.9279340882,5951.3905674717,13323.9359547682,6897.575632353,7360.42106073493,142.78193076346,1298.59979477934,1132.46515614452,3536.10899993119,2766.03708558461,2395.9123290256,29981.3564096123,2608.96083514194,8681.39214274346,772.735247388737,3178.81313533228,3085.86930290065,1233.75923013342,587.967516136081,4292.09751497499,359.541754426714,3822.71417745541,2631.63341535182,805.077948415317,1257.86055926633,824.503186400141,299.015284746853,1162.0312762162,1456.33468969224,5665.49293959728,2778.33733397865,1107.05741940218,848.975632707809,2419.26799284543,23841.8415723766,5505.55299113602,1706.93871571953,2055.97699381252,7579.62415094045,4312.61174947139,9503.25449956451,41637.5660825758,3855.30829827779,540.842081919422,2453.25005754443,764.147957513248,7883.26709811137,1677.09799848628,1605.09911938387,1888.68436117525,1936.37175666039,7264.47352911852,1166.98256429746,840.575854169986,10176.3667026733,11776.5323682393,9200.91917789455,2836.893241309,6300.60386275358,858.885312459728,1294.95994529478,9833.44065582722,349.612695445621,880.725776842489,1262.9049203714,1901.13391879548,414.305159646208,4257.49493705907,565.562475404664,1187.17124910622,1928.14424588518,844.560648028004,365.241664834629,345.743196722919,2017.4766688748,15411.3375260442,370.987851752842,15401.6247904321,1382.14431621088,942.020018467354,1087.18905431884,1757.36505295389,1271.57847830283,757.349873831261,3456.40021865305,399.258077494768,249.930584854629,3193.0859119344,6378.34370848811,6535.54179425792,1975.58090366809,44353.9478386165,7685.23347029613,1936.10278082118,300.51456672393,297.803183075732,6990.92482831714,82.8432655444336,1129.60248831115,27094.8316412482,1466.20682148283,58291.4139775048,15673.5025832947,6489.16356494643,9939.22169552075,5.51700653721284,1733.58248288978,7434.74997839464,4.97486080659986
"bin_m22.mtb89_sub",707.098864155662,1970.96036986298,284.891729609913,245.006969605416,1457.13704155532,235.620061178923,1546.86991770832,1299.7025544678,525.229770795476,521.259571460308,1432.01253094775,1743.30937982923,414.579387828288,408.214163581673,518.059021762492,577.151115277013,440.231396763685,491.776619558643,994.741828127105,823.947683317258,503.048964791356,1865.18666396318,1168.20266644704,311.350704618089,669.123822655219,305.135524737588,593.043187208867,775.453620895991,2688.68566802332,692.025573433769,624.792533270295,965.110041135994,649.316610890972,520.509413683395,861.678418976715,2005.06115147929,1077.17534939635,1347.63892584675,854.971983795111,1162.01214905316,4343.961741287,951.453176672317,2074.15959078131,1166.38117716585,2156.29719204498,1711.69478418843,1940.1098213604,3507.3932415367,1512.73263352655,1116.91648809541,1127.22944888116,1686.51835005176,3273.02788650431,646.125370775498,1700.48056629562,2010.3550364621,3712.3213726856,2363.06515049484,1057.7431973533,971.261239890252,2380.79365436168,1100.74830343173,2165.46508093088,1345.77766646476,441.072658806616,474.758569954379,659.926510850312,696.132331713865,1064.63266702316,4563.39421297349,1165.65227738235,8903.05022980197,2395.48691705274,2377.21995075054,5668.17848668964,557.815849757813,1547.17994897918,243.961323186131,729.382524799141,1537.36440600671,815.076349953509,607.318817730183,926.317000466396,395.205004890014,246.847180758672,332.36570965795,2353.39736817131,251.606791379261,1536.11350322332,1185.96890971368,999.214553075719,617.235393800486,722.96072080846,2794.93207850619,908.070304363237,1216.45447494246,403.396252268811,3323.66865613846,1631.15191381355,1759.66213585246,6944.84322013134,1129.8264017205,2952.57150773803,887.159873133647,626.353536666217,1965.01376093644,2642.46370798046,1505.28712980462,3105.17030783431,3260.53023919555,1861.40148830625,1305.97667926267,840.394970621091,4418.95679698926,1063.16590386994,1399.43379688237,1208.44095145534,1687.99858502041,1158.10983809837,2338.53819222083,1648.43545842085,1025.12324658819,866.369358241205,3.11047589455715,3935.48664802381,4603.96870623666,2.36164286166801
"bin_m22.mxb32",87.4873362139884,81.4022026363144,1152.7949046691,66.7955463180071,32.6018238254967,34.9976919159352,441.345475319412,63.0742992180412,304.40955397174,235.743116668735,261.696211557435,60.1076164762064,3122.68516059459,45.3658717660536,127.266627363988,572.433150299956,86.8061393896149,414.681537528682,1164.21842878514,497.825104913611,387.466488699592,1147.92443268674,1316.33770876152,875.768610440867,1089.64096743136,5421.10807186756,73.0513100809558,776.393012436672,108.641013749061,709.426603073303,566.731683366448,463.487649397502,499.43300985289,523.802237876708,61.5285288731579,111.693729251302,42.9774258155343,78.8460642356745,125.101392466909,45.6085443441065,73.8445808992877,195.44239138941,120.243894020781,111.195783777886,213.689378630194,363.739421303212,167.677155942815,336.400525095994,232.645157273679,68.6585298622515,350.262606974193,227.285154299149,142.159903391297,221.574384372666,142.259573865975,253.836930586059,119.676219852243,282.644214244999,49.1028696471939,1556.07056707645,498.225670250152,1284.77756684532,477.417966259798,62.0944484019976,1423.62720156794,1872.4831284504,705.00939693563,1567.91098738605,595.730334229611,21872.4747282038,319.675455144604,108.434338929033,14149.4557703807,1719.73830734522,26832.3325418954,56.2398939885905,6.15040162090871,16.8725026122171,93.6101899590674,69.0026099699163,17.8278718445244,144.530484554762,56.6555673080308,41.4120578702327,116.721729732187,27.2306696718918,178.081640052905,50.178213416511,120.81155073409,65.4504435209099,65.1018972189462,24.9284381546669,63.20921732096,32.0301431117809,105.606566612663,624.395420445266,29.2585514798788,71.0184337257968,50.8936168322667,238.089806684904,41.2377538417986,3141.25968667948,354.800974849626,1800.88774333093,2045.63021833202,221.572191451932,183.775923731651,244.662488670113,80.0416774852115,218.817991363734,43.8842691275605,2849.64015304244,35.537793879774,16.4685110657263,1472.13346978743,11.5193161871235,135.059450476221,120.172947120103,122.862969933496,111.393391458593,61.2043407246548,138.770766996055,419.290652807589,1.85208814796517,95.2153525470115,189.818583057291,4827.72492132077
"bin_m22.vmb0",25469.6536086177,4645.16635211193,4830.68380008534,4178.07277244802,9362.19142725088,38287.7709926882,3099.36589662012,1898.02728612453,2075.34881728744,34736.5074487222,9657.88103581617,3368.71925593089,3792.82229755276,3474.01413079615,15020.8592502461,91.8154398487047,26722.0484388409,8698.49349174689,18932.2801629558,3471.03966659942,71302.2280788205,31688.8902460447,52271.0955229949,87823.457048429,1536.71444418548,3214.78484278925,49640.4851620867,33351.2114276004,15717.1700904581,2607.00189449372,672.670717661892,368.324180784511,7783.79888303043,33460.727713173,2056.50290909176,5676.83823311242,2864.80886675481,1406.67747783122,64841.1721125865,210.960695564463,5340.20377084224,34166.1890252387,353.814646425305,4843.56676521994,108.550595171318,10199.9067181872,1844.98980143448,49.0077347974131,3428.92932199935,5396.42949893322,1925.82862587104,427.845535069483,145.061648118975,433.691548509742,4987.81174638255,361.047526870509,51.8342853247517,281.463594176556,7881.13696811918,913.832181373533,1596.1547057035,13370.9610350214,9106.00932464298,1364.45957800351,16399.1516907556,6946.6512662979,2599.38271476989,39020.8519434798,20589.4773170135,7325.40850249984,4303.65108951623,9994.26321659739,49.3588557075375,76.0399215947769,697.034395471453,277.603122533625,16.3275281356154,322.154889566399,30519.2762641233,93.8542068221613,209.026145956539,184.273386994953,1251.54235308854,1112.16744723188,288.548909404112,307.754258502687,283.661369343749,71646.8754995224,3038.71284990385,5068.85258324259,28055.5856560855,40591.8556737807,14767.6390090141,17676.8406542995,6851.87919567991,2612.64825590799,40017.9940916777,13569.7939201107,467.179122826606,5106.9218194868,54.6922201916261,1672.36302899141,8738.60165990193,26662.1966872183,24797.5652951301,628.152275917043,241.378603406645,978.539760067767,74.3199614752151,108.610897363691,941.587535875572,16916.6464873704,3427.01183662165,3396.44638911149,18222.7639657481,5884.07463669554,19320.8240636165,1322.77056702019,3221.67497296702,5333.87092558202,5637.92273024375,3991.60419561864,20756.4770432033,11.3833579736647,15110.7444781423,19043.9719836295,364.79476641729
"bin_m22.vmb147_sub",425.419554449415,3372.50124397751,618.43579391361,363.633640494212,567.660212995166,251.38028508009,353.811217711102,331.012975819514,295.830060635748,661.937128596941,453.800971039387,261.522293404924,73.4151097006688,44.4871520883979,84.1867155075057,41.0934998389194,145.697224633282,36.862095954562,105.099946167731,48.3067481629862,72.1974501607289,78.7982098226899,100.801569626685,134.249235634813,312.181065624652,211.973656483976,171.403735283101,320.353000741296,119.966554654606,224.970763971556,223.55734941769,230.90599241167,196.465675479482,306.861076747363,273.05773604862,258.972833609582,351.466728042317,285.718580477752,407.898852211414,274.758866716269,851.887817626148,232.480973907001,1005.72343128262,1431.18234087717,455.189323501456,211.557052681342,917.473822583907,3146.2103591415,2781.41401675715,927.026100468659,1466.70094095397,549.652135074147,414.918824298349,3190.38317411653,1402.97990290421,747.222249798449,201.580223942391,529.041430081138,1291.09720234414,206.134148787787,2846.81280678315,473.920925453533,1242.81076280025,624.5729524265,504.794906415027,111.068360329951,316.120543992649,265.816301831265,181.860364791833,3323.26534724655,2894.36954806076,52.1946882753452,139.823272999438,237.790097002085,78.8415705910486,40.9852484107145,160.485067755307,72.139637664104,105.996468757813,172.550314277964,118.043488236089,104.946124392489,165.593015776179,87.2648667139424,70.6095332557797,77.9890040210709,111.564358934644,162.673885278835,703.204170899167,411.885593260936,544.812083247125,274.074706277289,127.661742804208,1090.93030186775,4450.32992421618,1595.7527679859,661.766429708144,255.59581830273,339.530624089711,1233.49852871449,294.226452947729,1124.78000948582,1949.01021652464,878.338932320203,799.503089787325,1128.51356693968,133.086819368479,514.496133592429,2996.8030967952,1129.95293624134,394.60445811467,697.76879611956,59.7425625744697,48.448566814403,82.5091837843943,19.0421512421767,175.989164253214,215.371032777055,60.1031704454665,300.694268705087,179.931619618887,1472.20789491093,114.74776673448,1.51118310823902,1121.60299406241,501.112403831443,1.40620749072903
"bin_m22.vmb205_sub",51.7141412687934,45.8727420162109,123.021919517838,121.964776999363,76.1768496800482,143.753081941423,108.312251165691,211.045679288805,170.57660291298,162.043709744733,103.652937026588,123.76313716357,77.7054629764672,623.848308970235,211.721224548473,2035.19597668107,172.130774518663,495.239863520993,422.021661602335,596.444982225966,346.794250240526,1537.97885991412,1041.65117443535,30.2259001973735,60.0873956179187,190.968331926753,229.854263416946,271.793421978632,486.296739323228,57.9988109127636,210.009651897872,402.335096899059,102.808016835911,379.333755757696,81.7661422221869,91.2441975808102,102.787482581525,95.7102947627981,85.5136619292855,172.388442334233,282.762748394547,159.423309661902,134.645412189723,115.418130414483,68.593748074342,144.464994455129,64.806426234476,66.8478711223478,92.7315144245823,95.8114122421293,536.360076346257,48.4989686369779,216.279546343456,142.985942106273,88.8453932421174,287.289981772865,552.684652659019,281.988783739361,95.9922860081548,274.283046741761,82.6730055950441,132.548922139367,28.211520471051,59.8071336680773,770.151072369265,99.9358247426935,200.181852553076,100.359744405877,174.151947848646,3304.18105144489,92.5593657845914,9007.61836796966,6260.46764296833,203.235016092972,1639.8169588439,3558.01021392825,18.1303180366124,307.498765298031,272.148584915963,162.433515137828,857.85821776493,148.983990529725,164.62339770841,890.428177796247,951.512943176456,27.8071588007148,1625.45892445075,82.3557967051152,68.9095144815996,111.813730116561,43.7599448132002,66.150007072228,129.825136700239,59.7900389725652,279.727401452921,238.646629936395,135.157254035764,491.947147444274,1402.56455561199,152.544596267268,338.441997380787,123.690721427157,167.449165677947,52.8996884305181,120.756403353962,1398.75114725714,132.995984331189,1058.96542065581,532.858366157256,1224.42186030811,213.430893430684,594.044965408367,259.559766752142,100.26909659099,231.159370557964,75.0211634735602,140.558738999393,266.413198519494,121.53003225219,103.075538491038,376.799029636306,336.639716759857,332.443722464574,1.14271427513096,2379.82716972327,1678.06472098819,11.0004502110895
"bin_m22.vmb20_sub",92.7239042762325,87.6229211081065,79.6259483743056,140.675557981067,113.948933153552,104.191241459221,244.836173151103,184.368539763244,129.678602539686,231.523315780803,198.259815777922,84.9197761264425,18.6375151804658,24.641662200528,21.2109722680973,25.0577054490054,18.4347706443188,14.7041554247739,19.3011094653921,15.6036479872249,9.81664576418324,27.4148924939537,11.7491859108699,48.3649003232037,55.3549511639212,52.7732296963003,42.9197463961069,130.089984465314,6360.33297668333,56.7667416614473,59.1994126523308,49.1023190128781,59.1172944514216,122.006833477171,59.1144783692933,56.0046171696916,65.4776096785652,107.603023846074,129.045356192764,145.676788206701,342.210086764614,144.59962127981,151.207652072179,108.715209388438,188.032354189442,120.466288391511,24.5513140955455,59.7879338279754,40.777498541797,27.9869203410647,83.4670492272943,124.84339604858,4653.32755771793,3305.41957892884,1100.92852206994,1224.45122825438,2624.81414031028,2201.87220306145,19.6956327629239,53.5412762801986,19.1299610817712,21.1892785892682,48.3356044103956,22.3826394713725,155.796008146032,21.5455860138019,112.228229702174,82.0119728025973,47.2892543600471,2415.38241636158,60.8990502762693,1859.17934231415,1175.57469211796,1832.67599892393,1518.15422774182,11.8626545032435,3.6396220196178,10.5672956268743,22.4545491596508,18.8720197496599,7.22236061522346,18.5136544109161,26.4896610567579,57.2452192365852,4.02459443725066,11.1133022833352,34.0092318346022,8.22155060193382,76.6251306506784,21.0527349015281,19.8811948469363,5.83794126457496,28.5594802901308,56.0141485266276,108.960287480764,49.125333516285,52.2724405530893,80.0570379429987,114.965027218459,242.780077847436,8787.45915968618,115.920247994313,81.7617154043098,89.3236246119694,19.49752708649,187.427993643573,250.219523191495,330.445564147948,76.7212405669348,238.901003601684,100.846106094504,283.134989023031,1309.93566917774,41.5226117374624,1257.21583994103,53.291800780458,4182.85434446298,2709.99959841645,2116.95285058535,3084.62303034595,1200.83344550015,245.74677300028,27.7052704479704,1.87077544684072,755.043397564784,2912.17109499991,11.9370544612063
"bin_m22.vmb86",129.414357600185,65.8652551875669,29.1052351387777,33.9326794792558,28.8467626499146,12.2624961021292,77.7237252270254,36.8654370904998,39.4328816769786,31.7802823587983,46.5734323817569,38.5284906910268,19.832421901283,36.0385968036764,20.0192218964305,60.4453809122824,12.2119760859218,6.843286798314,10.9037884538529,10.1679360576586,7.14273954326138,20.668482925876,5.4640406060103,32.1084195011197,14.722563889288,47.2263383062553,42.3614611286953,33.4495669071767,163.757497907956,12.9708978688514,12.7927311465807,4.72703472369881,12.8855375582498,34.4116458808264,29.9749881759356,41.7841596210111,8.73770329282656,12.070809041548,106.527878985064,123.464909225633,34.315368351747,55.9363580239406,36.919739910806,116.780831539604,65.2507322588093,95.5301072186609,79.0381954424247,95.6182805215026,26.1260865278394,125.038012217823,143.209106792667,122.905940621372,698.269694385738,1435.86338720432,2183.31520675361,125.008568216727,756.802828495783,7002.67584135665,15.0465862105595,66.3551657445023,21.6534453059884,32.567852114473,34.3115814399391,88.8188369780501,30.8771165312951,94.0671785163777,32.432196552076,56.2317905222111,48.1725577016561,23039.9103088123,96.7592567763538,44.9671823471879,11359.4016815304,1619.91502077774,19105.7829487898,26.538010230512,1.23190790621316,55.9569556055047,21.5240672186246,51.7915605948499,19.7907697723344,31.2998330638466,4.68493289713607,24.4827940238843,11.6952902631066,24.9275149093406,4118.0644007776,4.10151246173304,57.199216351116,20.0430151762779,21.3652593942542,17.0590433719181,30.6021098842648,43.0980669943977,12.3663046882068,27.1660884890741,38.7720409525802,52.2482366398171,86.1252591258131,51.7263071910113,78.7213914837164,80.0848299577978,35.1643117231718,60.0672602536893,70.1812784486522,78.8036358149246,237.88400145592,138.023177280961,75.356453295,161.849273765413,45.6592387460244,2119.30889700925,171.716671111164,22.7477316633061,6595.22643098188,20.2711571867326,50.7905354262511,51.958219741856,4349.32396870535,24.0287012449971,18.5931673890719,131.040298996262,26.7825405770123,0,172.345724331889,58.6212183713182,51.1093924972207
"bin_m24.cct0",118.101063064077,62.3426962276861,36.0446536033937,16.0111643780317,163.247525650881,24.3780874940413,231.565558234128,132.262521438374,21.829186339499,47.4734577219787,164.546708819728,67.1067832646416,60.6212455692035,53.3667421956295,62.9099904342997,1959.36630348475,116.091395008757,92.6456205499458,135.032594387629,102.076986571253,263.218428426105,430.603860560533,396.901851996407,18.2811850574967,100.931278874624,22.1879520420837,81.0655050655479,129.245848624577,88.3382994031439,132.966927584694,75.2432306044552,163.998794078837,281.0179067358,3042.64875416687,11676.1581945254,56.1203069253086,28.1023882636262,72.6311230016232,64.1890304971133,234.628110974206,1612.89645157761,356.795104218754,43.2817393006248,99.9672791953715,1067.17198784864,183.39544127558,59.0019346966021,6.86181823980558,51.0116854419784,13.9079476059491,66.57153155493,199.380118061587,340.232568615343,103.203155754759,44.3520090738263,511.44225245061,202.749445570834,176.835543077295,78.0707211199266,65.6611639939822,126.249568027783,69.47428365071,117.974750177017,57.7060572366293,240.187874720782,73.9370486538154,19.1642009621087,229.660610465855,280.318175189013,47.2444238860732,72.7923588848276,223.593598943967,269.0576358234,142.16031940164,135.055408947412,3939.24311130746,10.3430212493242,2519.316107175,105.284965917113,9116.4871346592,8146.49934810044,6544.64179534315,1658.78791396249,1450.60594840769,1303.69719444962,1314.24142501336,10.816753012915,48.9993389610206,126.733113680568,33.7331124401882,56.8209164254009,43.8911884214294,43.8644656403894,135.126924907858,28.22162470186,341.161715671125,78.9952477079073,128.279496660106,70.4991457530211,132.355297442642,179.559180815045,71.7523173440649,110.741041935902,74.0176292062566,25.6483048403895,40.2122275218622,108.021735224919,135.698949182221,84.7930387013217,322.069880087734,152.332282069467,83.4621786531764,50.1584648325546,571.934559067602,296.427876581992,152.602575942092,313.35447222651,108.17814278202,202.847550247419,156.192301908534,203.004136582268,53.0893103782048,79.8639719919547,0.533935503052189,416.117121907602,173.861008231119,1.17113516156094
"bin_m24.cct106_sub",393.990814167571,574.80222982335,209.628866424289,441.820451208308,1258.22699461412,205.535853133806,445.387426246222,347.128608716269,61.8453078459846,178.633769708583,384.76258997038,566.207961095232,339.480805442873,234.569356142825,782.46409272611,770.800606180145,1623.74670358247,66.0983860968095,201.862433213658,118.744310837737,115.886953917878,295.729417691549,169.997500634019,14.2052531986309,262.579345413819,25.2485941201995,179.621443274261,183.376800795396,299.039244898105,606.180938932549,2234.76349424466,1928.3416975219,604.93959213474,254.880622057958,96.0028553838805,298.68378222678,90.3453677434476,256.028005115121,14.5595828892519,166.485641922908,228.845757812234,259.632007057069,757.378796144779,644.733688116148,1139.26232883874,667.007558170343,136.853272109662,460.706725450537,273.898794690679,101.289511859845,80.8904879496853,179.591835387503,351.763167521663,96.9549705766723,155.163629052264,236.703114232437,190.903343863259,303.437346882458,32.2225597631653,70.9215939537786,627.787208948921,39.2862329180709,100.247152940111,59.4343255136911,130.211544351741,178.9737677003,244.904203341126,641.801234972458,252.154188418671,64.2858035312914,279.387865942036,408.633793498593,346.04852932011,238.054121995038,955.355026365411,3632.04907574029,15623.255465245,2104.06623618926,842.520552027919,7686.58500921676,4656.9460456208,2860.43322675391,5618.80637338339,3110.11021560605,798.800198934544,2040.52383428616,422.981216648306,12.0865965814404,171.462792308936,311.57414290058,115.152163704296,85.7502197106467,302.371296435877,198.687114790725,168.037232893638,535.495854920777,25.1413323702102,203.036270515716,79.2620789718758,296.481724834768,358.540375803977,266.149188667133,182.942732965835,709.578938447768,23.4369936873795,174.708142410145,560.556077979484,732.508952382104,421.296857827387,499.214680173005,250.371993682284,121.180068779384,66.3005072046803,1331.57613663724,256.772071811829,212.863286527472,187.685373166265,220.909585949226,282.733673785231,286.402428309671,215.412842183011,252.060539749391,315.606877788012,4.17121039283218,185.83212417881,1127.60075243819,24.2128779788962
"bin_m24.cct128",196.46553497025,377.317885350329,284.381360954066,20.8325654043817,67.2601631787388,31.4723918788858,1429.16472679368,85.1575558412132,761.351509486433,380.295821690479,1909.68655637641,23.4095495165336,22.6563910526075,15.2672449700908,13.8834851381222,19280.0877123163,61.3414083919253,590.687677552858,219.998276890466,9473.40634010878,5899.00372854575,392.520347670138,579.358614918484,32.917677308195,439.231755738381,371.511427830497,728.95146261065,501.498981155879,54.0257707504983,268.810182498447,0.653801874828501,4.13402968081932,3.34194433520573,258.621195884283,72.9326992299687,518.117321092334,105.219015860715,449.131260869409,105.478669642839,2.56839501938146,3.52171264775607,699.098192561108,117.465146561781,263.755151928577,340.022934112084,1197.5396908278,328.323727679038,231.8779665488,222.912946926858,43.0401955993167,297.355007499457,7.3494730097459,0.91608340821469,9.23720604875242,334.145326668158,33.7532186752565,157.612195739521,47.1726882469393,30.0916005668483,6.62774760330427,141.514702017911,60.2142802349602,150.591242453447,40.1803979342742,1650.00442776012,1948.28968271201,796.525518122773,457.180578772589,236.016280217454,95.2547825997805,25.7896715234705,5.00965278134831,23.8093530237236,7.69009390364273,121.676806012496,11.3824736213655,1636.81043834479,10133.2449193393,36.0592075024988,1273.83400336365,3276.82097690427,66540.1304193504,28.9865081719767,28.4893655047639,17420.0345740353,9.96627108086809,128.270031075444,460.173700527533,69.0738037097861,120.212943495305,6.03934036232655,100.683592559627,60.9301392450708,4.62593328886119,11.6348104994614,4.82284826387236,2.41550129753973,1.84048538412536,3.99219457468935,19.5109585463703,7.81990352286538,90.7250921124398,6.39693671921096,21.0936583823483,82.7203940179535,34.684361394556,18.5674161785112,43.0825943839213,38.703854631909,64.4365738755937,3.29308131569535,85.2481653372106,33.5104410996876,18.2460752908509,1716.76440407704,19.3628063717116,234.103022484999,272.302824158772,53.9066084103686,147.589045000406,59.1090211213501,10.06255616044,69.4770276532151,12.2581187080691,23.7016135672046,17.1401393814183,9.29426510684028
"bin_m24.cct154",131.250252013031,50.5901669299095,26.9079141806607,57.0781144368645,24.7890979584626,25.8925615420058,202.680270286113,68.7984866338834,104.79619070179,128.719744861069,147.916140062972,140.347201512943,67.6065348074135,77.5259559110526,269.171748734842,19932.3848436622,92.0930826801309,17.451581354507,70.3425510995276,93.2852291719153,28.3591290484066,50.83777505434,31.0044630353066,33.209317227077,15.914022269342,53.3300915589557,32.6422845742607,399.912304907418,66.5602322214793,1536.03152631924,24.7630563370743,26.0004788448902,107.721114372083,2277.71979682803,3109.21647985389,57.2327283203544,38.9576317112363,34.2782481457918,173.680133695803,268.86993468797,51.6416032000078,102.592488818391,80.2584680782196,95.9739364368629,98.2590292778253,126.017290114575,213.097150959571,33.7227124985866,45.20246451597,244.614710547183,499.500671289835,499.329654698783,41.5889824220081,25.3710991717361,12.4671249578689,35.532794315481,62.0281181346419,41.4930743655281,40.3830812773126,83.0720882073699,19.9186514540588,37.0009078649169,36.0822900767106,85.2408603832207,1396.88637528418,247.936178848016,147.413947317826,2285.22995213723,368.982797794108,47.243242478357,82.3908388236773,15.3404877938609,41.3349262926776,11.1282048958561,42.878759088824,1172.87665538139,2392.09559945267,1003.25795895093,259.517001563595,12386.3544960958,34.8658437125848,6517.84392700373,34.1279175840033,660.267880008474,870.075948964325,2776.18341516918,221.886685045505,27.2637787231537,273.636714401642,134.558578088817,91.5588728700479,48.8742146388858,62.0400865783164,8.51397121307711,7.9230765180297,13.3233995069067,26.2341857252119,19.7584458743484,81.1050724804785,260.853396580376,26.4961175450983,53.5603631961764,72.8354593754084,228.997129612495,45.0285981515007,163.716268465073,81.9755537374373,45.3147521267041,46.0019620051989,119.069071080768,14.0780638066346,11.7337172418557,34.9582206351913,20.6051523051429,83.2962471719141,17.0925602233784,42.0081826124759,31.7998462746875,38.4705278866684,25.5599129841913,16.2256437587185,89.4619191405999,361.202848449563,5.77113677210475,108.374243500983,56.3007028126123,46.2635203999684
"bin_m24.cct23_sub",9.07066108037294,5.85427081201959,9.27400446482376,5.88327999552321,5.02476624463028,5.38825977213186,200.174822169554,111.628137236331,45.2993683395412,30.2021826594434,85.0422910094675,15.5692782390813,92.5072659502322,249.468941840982,24.7622093815199,10106.892829906,25.3845075823852,3.87348841819621,42.9997052658897,5.90717721286489,18.6860739186992,20.8772911751684,21.1983513841048,66.0719550792906,535.394126547665,61.5713640562349,63.4295165726598,78.3747299105044,11.4949683459507,218.989559211332,278.169000680657,51.5265184832723,159.680501649044,350.148135106123,81.3000360018497,499.325105251218,8.09577119811916,296.725604906717,2531.12859369429,1.38971731441547,94.123197320579,40.6984138838195,60.1133532869519,592.938300670476,22.3474842920358,1380.89948384787,207.174713449226,2.05186394513633,22.972617358956,14.4209622929828,528.669853483955,250.913330695791,7.86475801654546,33.0430202783921,17.3976191758545,33.4974668727036,22.442481304818,42.1861352367583,107.304685739647,978.088296253513,92.9926035484854,85.4747942916027,46.2063058947819,31.9833800388104,165.886609061051,55.0753976730693,28.7252877696924,220.847543692487,44.6998380269768,6.36600786555415,6.63837864642181,7.52956305495711,11.4911918726332,5.64911690092224,7.32309512614486,2145.94506003565,19.6892092407454,103.186127192997,33.8229216849437,6570.28720434055,65.3556500785779,274.144900448813,96.0389905541041,2673.45354422439,189.27008172792,261.9934467275,372.573203509959,1.23249308082751,127.904619037716,844.193841871649,103.061919381012,3.56284717456288,211.288818658501,4.3445782103025,33.0727572918062,12.7948922354817,5.60217924301356,8.07750755601979,15.6833160524509,26.0101637397174,7.60244359436258,32.9750031758944,5.09961885881226,7.61585212930667,2.23913126082378,525.324948746625,8.89536583954536,63.6508769323074,5.76875485357952,246.875640088808,9.53610857375256,2.21981326003228,9.73818447753311,10.2565951516398,31.219050304692,10.7194246145289,433.057221596793,74.7718539494021,1456.60719009176,225.031462709861,146.916107726849,17.1406831968462,105.367925440123,3.71211230606718,61.1578917873919,24.7313447140884,374.369468999783
"bin_m24.cct24",8.03469106286124,18.5305331053695,7.5246408220945,1.23867522383669,1.7725826763466,30.4561921220525,519.466438428067,396.189322053217,604.859480445755,400.278120258744,461.969481745641,532.324645695298,77.6538687316705,114.025878849015,154.767727229636,2668.8148955283,229.134348368982,36.9282393528882,61.0868488693115,39.0078920114352,85.716295974398,28.8872255866179,44.6840772162231,54.8516254346622,442.82162655249,103.515948926388,87.9144122190663,143.706747169457,4.93487606832806,259.305519637206,798.488837103386,349.843010014751,316.271709044046,229.98652816968,375.905323881144,227.394803871905,346.087397116823,92.3106066396374,137.335900121546,2573.12048612193,2660.88800816949,49.7654578848613,31.1821118639272,42.067452191456,29.1318314177209,10.1341465114863,534.551850156018,1287.87776975377,55.2447134109676,70.1823812867544,2151.28993171327,1590.06574360484,201.963026833189,44.806981047487,112.752501312454,602.228463290369,513.24957603651,98.672765523887,85.5942659649644,44.0701869453202,8.6842285729629,140.816659192373,211.974598969564,226.294144718308,160.984598060664,228.597070638293,171.761066616839,387.047527245112,241.321200241832,17.0584848670321,4.61303195910641,130.750451180096,1690.44863600666,156.987691766668,415.139272083689,2068.70786580392,2.12902221463932,2357.16955704846,186.885635153607,2855.38302115815,1054.338314048,205.235235477626,99.3188973390858,5663.14091658007,15.2514551569629,5.89135314085363,93.4307107145785,6.74352427713887,1218.25867122032,81.0095052112965,3.25630009689868,7.81842521482636,35.0842409222064,29.1313020639329,1399.22007336498,125.71977486954,19.2854409293459,76.5948355832037,82.2376856862023,8.38546442962686,28.441976113735,10.2791302256542,8.34684476608044,1.94264588321522,4.10626500062316,561.385422567767,214.838688176137,75.5364067476131,236.042711789271,250.994723381859,206.821994724688,57.5075628773474,77.6548476686254,17.9718169050315,284.516582878426,40.786684013679,440.980676884251,91.331074846503,102.152580759007,195.411915463429,51.7460521553359,8.76268301775805,140.330972885216,1.3463490374148,8.37501434932667,20.5024721571919,0.98436152458916
"bin_m24.cct4",5.22267145315852,8.35128908912717,13.4080787729287,15.9622522781466,3.74466856615783,1.94450418660489,37.2535613661453,13.1960160455715,32.3241067527249,21.5723209557286,37.6700517098734,29.947243836111,106.213203658267,381.907799512872,141.501610042356,472.781729547754,22.3315785601177,14.342713443304,33.9707365050602,35.1028586052528,48.6515914354869,20.8329088729219,17.7476022050064,45.3032349187324,2.81266808062179,32.6449430547299,20.9265964603139,62.7720386567335,4.60145423302112,47.5421326753855,42.3968720613553,6.49723657146325,27.6494488537509,176.144677831187,515.47010223598,38.6467381397187,25.7099513679023,32.9057639647602,28.3540206235302,7.57194367586176,7.81649488413147,258.018852274174,56.0678887484725,64.1694339320496,233.010434310115,112.618817531701,15.41814259626,22.0998364900896,28.1959249087871,50.4387467692528,23.0974304820091,77.1088567498668,10.7566070220802,36.7054076316272,66.7956673559641,4.90332381649039,18.0274141374879,14.7762802930917,13.0215601878715,36.5180710094909,25.4910929292926,19.1607903229261,8.98493433532362,17.5992876065525,70.4959585078559,30.5277242694753,32.1109511153747,439.571007552205,736.041114214744,18.018446451116,14.9085352739932,60.9048361272153,51.2983784225765,14.7970980987988,8.2080507703947,615.904891436716,1447.6483506885,434.619657508749,124.281195481484,1513.71940351368,50.1547340485779,431.203724643497,11.4030479568278,152.23960881289,245.745023713242,687.670547185051,16.4274307786593,10.5334271583127,30.2547958722459,54.2628199676835,33.0196559699169,99.2476756289051,174.791516629696,5.1918492285834,2.08255154758904,3.08568413748671,5.32133194672349,1.39525116477273,6.25253597074758,49.3987294515365,11.7439022202679,35.6254688662075,17.0377182266764,19.8630478252102,7.60520581920353,26.9465058318314,19.7744714217319,64.7459745722951,12.8932667390672,12.9676264933234,11.1993418562728,6.53117179503606,7.7964216755534,7.51162233137682,17.4958501487687,1.92544999035159,55.9234121393232,29.5332703388841,6.66608355234678,10.3654221975096,18.559131115304,6.80426423590625,51.6692128362474,1.30021893700492,9.89265444936349,6.49687295605873,61.7912256565977
"bin_m24.cct57_sub",69.8131218095332,142.945367093463,43.221583711637,18.3697704556575,179.194566459445,32.185716796482,221.275455795206,170.04805527075,95.5536759226874,72.8878624124395,147.893400106656,316.499664081953,149.305328858381,36.1178041568711,96.917417775668,798.600038904175,147.623675748107,60.5478891243538,197.254904638265,41.2792522418223,104.975086847872,226.75793505862,289.753765731743,10.1873893462897,102.522290233597,42.7811656165399,38.7259165617737,62.3964336916176,79.2417721253338,140.402418639893,103.708041902136,111.873255734551,147.480342973396,96.6696770273793,109.648130098916,109.658470932866,183.581360005566,123.921701617416,46.1995751053278,144.4052966081,99.2712673661512,132.021973185511,193.98388260627,79.6071846130992,633.113323156586,393.403671643295,107.843770576792,75.363533524698,50.1065498379877,32.270429139762,87.1150708544348,274.382986809222,127.080797232053,67.8036764878253,32.3004536219448,198.743265684944,635.831285657806,383.430656581658,80.677867615568,336.198578822711,301.711843859063,44.1359148679955,91.1077128781569,83.4342611192185,62.7197026404711,50.5366397275596,34.6896427638107,137.340507118159,282.977702857378,56.1300079315376,95.8569144619212,28.2238432031081,183.844094584487,100.252586981127,78.164605552954,2481.92627509941,2232.89717173769,2884.11976684278,100.492268595976,1576.61534939064,7003.26885047551,922.73041604095,4783.10999837035,1002.61797527883,316.575504099605,469.564128842383,643.917955399829,40.8617098198903,148.376241494569,44.6368302459655,87.9978455372622,75.3236557568457,190.434371722545,70.1185301301085,103.250845063094,138.995372312828,18.0553741657097,89.8302301215278,126.924020850007,68.1007579087618,52.7249357277338,43.1917019708032,83.916699237905,49.2167051017841,27.9735199636789,864.741692186162,120.541823035271,108.984539754646,1080.28053837099,476.830236391273,1045.39037532008,54.4457669571687,39.4194720052304,117.643646347504,60.0460732177217,33.0596686811462,163.995076247215,110.304209872844,48.6612164698883,226.550449295,122.307425696323,51.5125534426549,97.8141849770508,0.380316037413243,122.466759247398,155.194868196509,1.1122479060338
"bin_m24.cct74",21.2087409304082,49.575347996672,9.98704119409641,7.69325174475959,33.0422370290715,9.05547748242125,763.663281082066,308.603471867534,270.448376176817,77.2717690023101,416.403155436393,219.809433503773,25.3435114362474,32.7254498395085,38.5010038487057,34.5194213967323,58.6139175785887,10.8006968735955,49.7735925755592,20.1260068109981,19.032779603905,28.7096069019498,28.048060128181,6.59186925155533,29.6011990821094,183.860912727407,300.140366255756,30.3062708523088,40.5625604951152,36.737804324022,16.4478336939374,41.560633382254,34.3302202987673,145.649491410694,246.173529311098,231.140677755022,413.316224870976,314.119758288251,57.6272870507269,1007.18923013955,68.509995878549,111.828689468884,568.00514223735,70.8517215333093,142.824593490608,450.380974075873,98.1552132836987,198.244576548456,330.294704984342,82.1176137423464,218.442147426868,214.903924661107,611.413201829224,460.806976861422,287.239242887463,64.8774469304326,97.6923592744318,30.0160111621088,22.0191156556876,72.5504031249593,68.4768114270636,19.6644942810525,32.3167246845579,35.587051877666,675.759253857938,346.224029862901,614.563390252121,39.8650720209603,45.8852305380434,437.1222448544,30.5399825879872,20.3793067468773,86.3802464421828,76.836646722052,44.0189726258117,2902.33665074352,2958.09847722027,3779.93555702946,64.9436359558587,51.4974909176586,94.6954435342349,4227.59820575281,127.087583571514,358.493834050121,1038.24856480199,2593.44060967303,80.4940916874301,8.02988647017835,110.299513086315,22.4580071906232,27.4946894946106,32.8947338348865,96.0120559150766,41.006670384909,24.2105866136945,32.5830818829037,11.196664064508,235.694984326565,842.877738770164,32.3670751852422,114.722421815737,21.9641388029563,54.7762445020988,22.269957939467,13.1524802722332,271.757006649651,547.169086967128,96.7137663760183,133.638161060357,287.420531803833,144.827295968583,36.2158443325929,14.4462534779424,27.2364070222625,33.4512467513951,10.1376427769679,406.334063765391,89.8898280111116,29.6284359946335,94.941471094305,60.6262546169639,35.7634477423293,27.9972902621818,0.874457504471775,40.2997988229283,40.7815166634268,0.913350845635419
"bin_m24.mtb106_sub",456.088618010753,728.466690069416,129.845529190665,101.248994924045,990.48393514537,80.8082323348649,851.852811283211,463.757269388012,191.110559489892,255.611270460758,593.440843704075,657.474090035256,188.960886394741,197.39721260851,459.429773751153,2374.27751091574,405.8343801146,124.627100565782,494.200062813298,315.248533993415,277.477025339479,467.469446265306,357.650840999039,45.5155949204069,277.605206905262,105.418927846379,161.770031113106,376.732273844267,430.922456653794,427.508618279919,290.250805823611,478.573987907377,295.688186504643,287.632903491642,378.820722478981,813.646833896871,438.504941389858,474.511312763081,172.0659656451,439.082844905652,766.208653572107,1115.66420920838,882.20090855229,975.197023123383,1842.8116618571,3109.09343368785,1040.99703833711,777.660076027004,402.465975284349,448.091292439617,351.966211231778,462.535471486596,910.342619905726,316.762083027265,338.15067256779,1112.50946058657,1035.31121767308,672.301013716093,542.935210929727,494.28534563384,1130.03464002705,397.159292427324,575.675433272185,346.081583017603,214.756799793156,204.859545553274,177.679754800505,302.484084409271,414.792307763912,289.471860900079,265.57744273541,284.996216053296,705.899483529277,668.847933349017,300.740239325153,3440.94815756198,5736.29794616884,1017.60493249779,1276.86095462355,8166.27758445979,1565.72025839095,2232.53969362249,3094.77524378919,558.302424382624,566.169816556207,837.252106587685,2415.11245002789,106.564867611561,388.682323874044,300.796292763315,348.782723771493,342.775943353377,258.38747758697,529.168038655338,632.685351914738,763.525155006408,189.462779148968,975.489336272534,312.421454922479,401.704564258574,619.246123565824,380.875260177819,625.488206700672,359.700035502085,121.465186675542,591.167899985872,953.36644621127,615.22397239983,638.323483099038,752.928514444969,644.731153297437,249.556356125996,158.920131057026,558.723734282205,535.088317270054,156.991387867027,586.563163870408,734.286713980512,372.628328005287,937.080540167872,854.496725616589,236.550656388093,386.233560179537,3.33275128775347,500.454037469938,416.0590478282,2.08858945670612
"bin_m24.mtb115",11.1874768672326,14.7536154287373,31.323964213367,24.7816069556204,14.8185716635566,17.6026662897069,21.6936134910029,6.40557138672391,93.800999250181,23.8533592370362,18.4036581302855,7.60712498583197,51.8321280568816,19.1702810778257,21.4247231946157,29982.5837205242,6.15439600973497,12.1276995201628,27.6024232575636,10.1352337718389,8.67036044634151,23.665379166456,23.8883038849677,13.8391760826277,18.1116256653773,76.246319686714,2.59523761979882,16.1155595563453,18.967794396644,19.0949873891808,11.3089337772042,9.76682171198758,10.6780968526358,23.7213424185408,18.1285441403198,24.9387310918022,15.3454873802008,37.7611011285917,16.9055710108242,2.926890126891,29.6355001412727,24.5593907055495,16.6847322194281,32.555664568624,32.4219205307573,53.419774317355,21.1615802880447,5.92509970209266,20.2427772428418,22.4922555309086,50.8275202628463,34.5682794757274,3.32759000749076,2.79610952719404,20.2690654777262,5.92297148269938,6.26277344761069,7.73457196882268,8.60827029856524,46.0559341878716,21.3366603494705,33.5080566355354,16.7531261336048,12.1340200463891,36.0137285634517,27.5706748321349,8.68860901052348,32.2357723412627,22.8804107372439,20.5682914936678,7.17046425783073,22.5977182840549,24.6910245326631,4.36462024789472,30.0489599026224,3325.91194804863,9.93868650834026,6.80554189706241,15.3095616520638,2556.21341695729,74.3131905684192,2580.10896985103,6.55657404375623,47.9758230562219,2049.06471895954,596.063175145389,185.365846823804,33.4366262115151,30.0101264294954,20.753122044661,40.1076928490075,17.7523884560976,23.0156235235871,7.72042763904415,4.84256613204197,6.3365002433913,6.18685810980012,28.4457065007246,4.53165162676903,11.9831528553598,1.38561420834368,44.387155517371,4.95707589115853,13.3253571388065,19.5332435463832,53.1650650803766,15.1750029494724,18.5933016189756,23.268656523573,27.8341643454283,2.49204575280749,12.0969741068531,8.78984391968852,10.0796599156525,34.8889055784706,5.20989928805664,12.0903984690241,7.42101545275858,19.442214294982,8.27771594124933,6.89538959016378,9.81470733068701,29.3073689235631,9.34506914932153,9.7804802772268,6.71431414189157,140.669067444983
"bin_m24.mtb14",2.14478237793115,0.765536725314555,0.709570183722011,1.34327482330354,0.768907179392915,0.822031644784605,1.08246464725284,2.257990548777,3.30759119179038,4.25916107485679,2.86479126020025,2.15094864598136,791.607414674711,6348.71959986979,318.165012611379,7.7929658128033,4687.15738498959,0.198989489155372,0.272474289180782,0.439500291595717,109.753607288924,1.08022757447443,131.450898566676,0.537704464087519,0.222129207702062,7.23091560010184,238.76654526462,5983.07715699575,12.6962105186277,180.248517862541,93.646050154125,250.663043926671,120.644060022658,18157.6820832045,224.29954109122,2.61035630871223,1.55268325364507,1.20654766088041,2.23924613773849,1.33266538084401,3.8830425399906,2.01236195247189,9.38798557744866,1.67316270912077,0.232935381862784,6.13776765535291,124.799372629831,1.10679129478744,98.8597677320785,66.707224437483,0.883729959241581,3.53230946506242,1.07741240699465,7.80846097138584,1.52086209911741,20.855522180513,2.58253826889245,13.0031587972753,6.3198128315929,5.29547724629102,2.90788001032858,6.92983629497324,5.44012240607068,1.66787507097531,1813.547283951,1.73380581693409,18.9012661206566,1486.77621339651,88.9277113240934,0.924949203981564,0.842539488779094,2.31054483662534,1.62050662627613,2.47307150026085,2.48978155424023,0.84136239843536,7.14190943271815,1.24726937224912,22907.7841379442,1.25228774814663,0.7086099205677,0.211213542388174,132.525030504339,113.293224776136,4.15648843396914,2.38516950492783,7.56041326580385,1.77284348828826,0.341337002226823,86.2218861435166,4.57384513192254,6.48145692738333,125.979678549498,1.2866269659432,13.3630721259667,0.452568125424772,0.136581190881157,0.95497426870262,0.917040875653909,20.3696029391017,0.841193214918823,12.6657457018232,0.94043551687467,1.17974757464136,1.75680688646088,0.904089794099646,1.19422593169655,10.6607157477678,0.987844768885719,1.28014065123061,0.806878553796884,5.1088403425316,0.381159335122373,4.86188235486855,1.94593214289077,9.8840010470032,0.652441420903815,1.28720798309991,0.793491327083329,146.029964472671,6.06266448249594,7.80757896599879,1094.55132881229,3.67096053883427,1.25002875955223,10.7463356804306,3206.11696518358
"bin_m24.mtb157",1928.11242328634,1708.56672705643,2727.84593633436,1998.59894407035,509.557335228304,1333.03699211878,2907.9179854845,4637.79257825691,3109.84465854965,4428.07537962548,3931.5410961691,3406.26582515531,1088.47121909852,1869.08724932639,8100.12072920356,4390.09009349807,13482.4307182263,6335.6399360242,1176.23820010729,1810.87045143246,2432.36528181254,1470.79666453642,3491.39867590041,6467.47912973153,691.200195779458,1192.17179345475,5264.81859371826,3429.87872349346,11604.6165817863,226.621461926848,580.416642791309,759.674128258954,673.23401651514,2824.49901931862,305.653152623228,2856.89029697277,3152.62035472769,2270.95634312651,3705.29863222471,777.070843605391,4288.38041357614,9248.03235697308,487.573003717128,5366.86699338141,2131.20546908157,6227.0098836076,13219.5791351511,3291.93896926223,1723.23249325574,11700.1703640637,6659.70572638127,615.66442071425,574.131137009437,48040.206100233,12305.3531248212,8087.31200598597,479.906470595119,420.110495158805,709.732917710994,645.598956981584,719.280786190809,1044.71490261274,393.68139597694,684.448231517188,1926.61144314775,709.415895344368,2850.31485966848,1973.22021057133,1872.87180256491,11239.5624233923,970.645022583289,12225.1465367518,235.745918925987,119.168913017865,20099.1077716937,28130.9129071465,236.65098646982,10620.246801314,4449.15637653893,1620.98183187949,61378.5776299465,18436.2878025547,7815.31009504838,19117.4965242671,21614.4596021051,12454.8240522416,14458.9890677634,2055.67352391947,888.919592048366,1440.29080138722,913.181427100226,1518.45512644429,1377.5274996611,644.427192051276,944.94392041972,1520.40844083993,1497.02125723922,632.036046957758,289.246983244293,601.494603237743,144.46929795095,887.460597433498,715.912772758696,693.834379432753,1164.63150900744,5262.18413374046,649.305175742085,1309.62173834906,762.147500736657,574.119751628302,620.499145962432,6302.26027316937,1513.82692848178,4476.09909524695,2641.93876558321,1629.18760134739,5145.53344189662,3331.08412031916,3756.78407619813,1880.15822612482,5763.83029536552,10905.9734025052,3081.54138020878,13.2081872938451,6406.20215980202,7906.15683050157,2435.29252321604
"bin_m24.mtb173",5646.588810813,5421.54364908262,14234.8740571226,9410.92616068315,3205.17650902451,1878.31990082946,434.950696220348,5787.64120033572,13230.8804641059,2380.7350805971,5250.79434123213,4644.48228602025,4274.46249068101,14265.3646397359,4134.57118209701,8798.66609307667,1858.38262281628,5606.91132752717,4327.63903179923,16066.4093735615,13783.6306192562,11930.670070662,10986.2372261459,5251.60622532329,1556.58492568064,1125.99387670599,14611.8908711632,3496.5412885801,2348.58735170358,298.385133708344,1610.65013792381,2555.43402792296,1350.48600188931,3352.84181850261,400.441029244577,665.259165293011,4065.35141977635,4665.8959639023,1621.95560043776,975.301555927111,1787.30474340095,6959.24535864061,296.965388489578,7517.23590863198,9844.59241585393,3672.9416235447,8398.87275739765,83.7680228341525,6414.99046321998,1836.58982948758,5015.55282128867,124.729275538109,326.659088595649,6928.57617411981,23139.3027169013,14060.0214761784,400.288831239176,400.207012558071,898.445163427601,827.933820598464,22268.0118254619,1295.28116490069,448.540368625325,2232.59304725993,2394.52326100373,1487.99860056701,6178.54222378009,2180.28263390208,1340.70667705301,5041.32212937102,961.104178197387,17325.3992474829,25.5825416449333,40.2811961466739,900.146130169265,14713.9279933966,23.3990820544562,4978.41897347041,3095.550366954,1697.84610038667,31390.4114890419,12069.1051329544,20769.2126658938,31584.708183507,18035.2845680292,6565.72396682473,3291.5969775948,1123.9032880056,1282.37127075232,9177.57432264352,769.910785055903,1397.18491911532,1264.6083011525,985.312785654888,2372.64383135595,22720.9476920019,1412.49351436551,456.543667937737,379.621731913569,730.196287982938,35.7951070819093,3075.27352129474,2256.1984413205,762.056019163553,868.883811943275,4507.77685314294,694.267461232538,2259.86352816761,193.876885575596,399.569648533138,187.531583079736,6845.93076750841,569.551241696887,3709.74511734261,3286.78717166479,586.966204312352,2393.06547258548,680.288119869672,2415.73032147925,1602.37041785964,2310.31418347229,2603.17948540857,5169.08018092112,12.6832193068809,1915.68034937837,2792.64902870229,649.713710651759
"bin_m24.mtb176",18.2867721657258,20.331202697652,11.5849411219031,25.8788727495791,42.0131115251086,290.534122083519,29.2587624703352,8.1923420877383,7.56028792186682,8.03550854828446,7.48361503058074,9.08933833657348,16.2140625487155,21.263216148751,4.35604648244927,3760.85869975799,10.1668424430059,3.24884214222522,51.0106889312857,18.8159926146208,20.4790224928099,43.5034998198733,34.4033141019189,6.29157416030859,14.5065497492298,27.2881157575786,9.19807827838117,25.7919076533192,15.1046522499844,28.4609659948923,15.0950194568758,20.9747729208407,24.5100861098893,13.7518026855175,12.6405047920785,11.9331828682513,5.28129108035318,7.55126202812065,5.68703410749686,51.2522505283734,9.01650196077519,44.0061018816297,18.28542014585,12.7480403790334,78.3431724831306,26.3614193458059,7.74073874661631,8.03122308154978,3.56697015074618,2.59891780331957,6.4126204099582,12.6649962187713,10.8475314741955,4.80383601741894,9.63128733873116,1069.25424578216,1369.56001419189,882.219051020037,21.9591828264796,2.30553814193497,6.04241159902701,43.3100312976869,37.0723862732131,49.4694677701409,16.8222699104563,3.48397924295466,13.8748294327892,23.5796429122641,13.0927843580019,98.7629614915077,15.1314805127563,5.34417349403973,4.93873878341817,111.902254256754,580.251580727227,2523.68128121384,7831.48842379177,183.274161103815,4.49615096278606,7.78884922183121,5.65608422685376,2000.54374887816,600.432209718083,13.2745572162418,4588.96227848819,1277.29603693505,43.994076083768,3.85929170481511,9.65970651625914,7.08990383118981,3.5141556541326,4.42970863793014,6.90543353335475,6.80206441267945,23.2719893198848,8.37413770745015,7.28440676339894,8.83522897871048,39.1274887198145,9.95442956641589,11.5975249818833,20.256965776574,12.2833685426758,7.88799674174301,8.28616041148201,20.861937569652,5.75648483563583,16.3815841776748,9.89199175110409,23.6872052980939,4.3912219691601,23.2854354833481,5.49704956390137,11.1312387203931,12.2194825824306,1.50614932745923,481.835274199269,24.4406685432379,13.4948923362986,9.33082925462047,72.2735337087248,15.4308231282004,45.5457060801645,23.2473909233283,82.1456106768019,4.03338443760611,6.90501392490236
"bin_m24.mtb184",25.0231503645679,21.0971616366667,8.3656894497085,17.4206333674657,11.3315758363595,4.75926167388189,63.4113863321944,19.9659400980894,26.9721181670528,33.8948891709434,28.7090148166287,10.6285096123192,80.475102332504,61.2548211124573,86.699984527811,7499.09046264077,25.403796545508,15.6891824250988,107.013639689752,25.9080992753955,29.708561679558,25.7897223932337,13.4263084133181,7.82523051833501,5.23771717576358,11.2786500353597,14.881386160193,60.5834772025988,39.161972890621,69.6204535278077,5.86839692854371,6.66289446770952,45.9574874295854,61.3813458026168,25.871314685672,24.1395914470361,6.72166924022898,4.66756294522944,31.7628135776603,48.7722204015519,31.4739486225761,1710.51626344642,5066.63513953235,66.5760974918175,54184.076822066,16890.169990073,1359.1141974261,58.1761063666805,107.055515118431,82.4732310236457,77.8168920636099,87.2712260547092,26.3973311133115,60.0392484976831,12.6329633185828,25.4361106556039,25444.8949055074,1157.23696838918,43.8816905732143,65.7103214057604,20.8426997581132,38.5445994460453,22.6574268204406,146.045505067236,164.993322968869,75.7701033120022,45.3457798145254,8631.32565072481,5937.88772757611,43.892482869873,17.9007618830262,26.7088099189945,77.3770583451191,11.7148719100939,43.4665336138106,4335.0940252979,5.62554279046507,64.5643799460023,36.3568311877974,18896.8835550308,75.8855106110277,9566.74738489286,11.3870654061477,14.1894931175086,43.3891007805723,19.332959060092,292.798077954115,4.83346433718855,58.415149250284,20.0832066140365,21.4112827975009,20.2144518721331,27.9379518608306,21.2637892756227,4.72643780972441,9.1151319276784,16.9077794767133,36.3570394413221,22.2991871254672,88.2196578685725,80.1664458723301,19.2372263888712,24.1154108009866,57.1261930040926,36.5343706360407,48.2321399360104,56.8215779596612,589.161046693644,43.6743402058657,42.8252532409964,14.2694032800689,21.0577410744603,73.8667016783181,69.3035860178337,106.328030942338,55.4975935649562,33.6531687213123,34.7781561403775,22.8030631123813,30.2772361982128,19.7839764394065,54.2003652735623,73.3212474773568,8.36088684753103,41.1040515975533,13.1065998321109,73.7147253343067
"bin_m24.mtb207",894.943290033229,1846.31159915399,3337.91020095959,2905.08453712206,1760.43077262348,4511.02940649034,705.893842620335,370.195220306922,3898.07699195278,5695.41028825032,721.081884123855,2413.84429938282,166.387183559872,432.721301853354,318.854823585629,5130.041197876,415.210951175416,663.741244589379,298.101368900053,8190.30814806324,799.366709555719,432.213448647611,591.737757741681,2229.92927580241,177.260268594541,2259.00553992069,3892.0506178899,2350.27754942595,629.033668282592,286.783093923218,586.941005483195,4317.56547105571,945.947966821971,3702.22215061687,92.8781362939664,144.912196462787,1727.90340400142,3816.53353757594,9247.93733259508,9.488525503472,88.8025216448308,778.241521411342,42.4271377224367,4665.40091371306,531.579480321179,1011.54050106845,400.443020292524,37.8254919630386,4241.3491746926,7286.15899667652,2334.56633052084,409.825107814454,27.2708824047845,1624.51329041819,742.498946769776,470.356472404296,13.4842192387985,108.012313709802,1116.26728339787,3998.33012805589,5703.23461997064,5646.36103628067,1105.92446409998,4322.93102737884,648.813170710937,3685.55568404017,6871.65249186596,552.55561251552,576.819607183234,446.029668212825,454.892665030921,595.875387715917,12.8763454345357,14.489010570755,657.813534954183,18437.1012653792,17.885213369702,7799.97329132004,360.384025524502,1186.80248002749,421.280460869813,5460.35448886982,890.226159360774,8333.74539574918,24237.5742135807,741.933029136767,5841.63574390188,1444.88108110569,955.693584509864,4339.35706066899,966.62359856881,2288.30447321818,2358.06418474768,168.269592887323,168.976724412847,1327.25193845898,263.145713853316,97.8430713599689,224.790576747754,198.72176396335,8.14539749246564,2779.20690960631,161.182842517779,910.053639210632,1422.87179323851,56.0026312462617,86.2916996693717,471.497043337292,17.6398078375721,27.6717782885331,489.210690487212,568.605449223308,103.722949171045,378.011225903525,168.753423958205,442.932078657545,317.742449913952,170.89428722461,322.155871705848,237.28521265232,288.225111324923,606.073555780715,5693.70065419782,7.41343080159836,366.664176184733,552.955081824813,146.345700687221
"bin_m24.mtb3",502.724106961049,1344.97889013495,147.299910808168,165.113104780388,2969.70430250192,228.486498606504,2375.57141645959,1011.20033223632,508.154123227471,570.692008339663,694.780106528875,1395.03412946456,1012.75500210277,365.420863007709,1009.73348128929,794.814868903115,1258.88186138296,1104.44903633167,2919.41424444461,433.8212454016,702.938610565557,1250.8447123381,3793.83665351451,145.3325119433,2484.89521840568,828.228273002005,473.13000334532,779.069157373614,930.125021147459,1752.02185311966,1279.84408612688,1221.49337206118,2994.82794353397,1142.18901774782,1226.36388655682,679.294204200631,758.091774524991,695.636216631755,210.398257204612,1930.43944886882,449.025993142595,646.979777113884,1335.98973136389,386.859336334684,3066.55420239191,1162.70665057445,935.486345908119,391.192429584594,214.387057582793,143.542939938089,433.126754777286,512.183295422268,884.573683793153,446.08268777187,297.059992496657,1504.56404031875,862.408433690116,1378.15234998373,1437.24078795728,2101.69320494796,2617.62299496336,417.576988195172,1260.96903671645,564.673322948741,334.680736442981,533.126495443028,213.711778337455,753.660293938967,983.225851238198,329.034084654661,495.359736677156,236.728592846119,2430.67307473207,1011.16051726021,1151.4561628308,1257.89976165232,5391.80396871033,2387.20462492304,1166.92426797665,21870.0342674542,3830.61582706573,1389.69175584799,4597.4956940294,1321.09501159836,447.15585000958,1882.08853193937,183.530761899163,213.742991817664,395.117086075884,190.962294478682,478.793924924552,257.114495965259,442.30447901675,1893.09718659404,1916.00200909536,885.892281793042,277.038692661799,1939.34261166096,1178.20826239683,463.585330007008,227.872944821033,200.822262982892,987.342505696623,268.384990775341,128.843778006575,459.389159794829,603.345045627981,317.211886082413,2218.67805307259,2363.45011621577,646.975466617104,177.564979366266,275.622500492716,339.600693312524,388.129210477814,64.5852298021454,1217.11638014305,462.868032031165,291.765426861133,1057.31038012532,573.255701536317,310.243673395475,1129.40318210196,2.36364972630248,1501.67164400638,3516.41850123352,2.50859703175714
"bin_m24.mtb67",532.526931103025,1402.98755387553,252.044222944025,179.656432059662,1558.75177833438,149.684107225674,1745.76790780397,1087.45774567883,527.457379844296,480.187781998852,1337.26851998588,1496.22290758932,655.929914913829,476.89068821622,467.607992561188,1365.97365560267,640.10486839875,366.442612048352,1088.07632155306,547.540753797052,489.905710614188,1175.62386658603,1035.94480733635,118.835339658749,1088.30397174981,409.099466694608,360.008820522147,757.732846074361,885.454502236618,717.093325894857,830.095355591161,909.95357755718,663.141479620154,517.654126242573,900.674383409459,1155.84054060161,932.728420189099,1184.66503301446,332.835719992439,1143.43252858458,858.122282990683,533.857461799957,2019.86216976795,970.943874047822,1426.27171171113,1679.48372402798,1055.6787271907,1792.72637647752,912.96628151754,626.615639553068,761.047781853141,947.215558984982,1934.64620975174,539.110193378895,505.427187374235,1102.2918249817,1348.3093434713,1069.03185744764,1005.81985137925,1540.59737225845,1969.78465376735,875.912662497751,1433.49559955432,701.28768922504,347.159568921303,665.163093942834,419.543040110082,879.517360961034,780.761887947622,490.533582556631,639.342575287297,594.319332415367,1742.82441600475,1760.53574038082,733.489723320923,1812.22314159585,9685.65555214755,1696.17810918329,1325.74803230493,19912.4083792192,1412.28927116226,1160.26646356197,2822.76312099126,4438.78889123669,274.974735048383,564.300208540717,4734.07376158416,283.073078727477,968.792489894844,681.774689663404,1100.82815522143,622.405654435921,468.524069948744,1580.84689528089,1227.31312315035,1288.1101475176,438.971160190252,1352.06674341523,917.097368739921,745.746993052912,1601.59373480559,742.396831321413,1073.32544079373,597.237643861234,291.132216305083,996.804224593365,1986.53713479385,1360.13935673259,1707.58591978139,1643.1140797805,1310.85907550257,304.941266053526,390.063731246964,942.920095342046,712.009169715263,264.011052700583,1113.42653927692,1046.65736481526,609.247836389742,1800.78515371414,1400.71489889235,539.423406474651,1112.02612437865,3.30339209029432,1101.06439495387,863.826274547334,2.50811535398344
"bin_m24.mtb8",1086.92849358227,2688.30615612019,580.985024064488,347.997007117836,2315.91996584363,241.179686988409,903.76446479338,365.518481251419,210.701359349279,114.928101723126,549.231529857142,835.800705303317,1217.20999313833,426.588591467583,1056.35615824512,1966.59048441347,855.667022332625,120.758079785898,1821.75533762459,249.550915586501,1240.51359173488,467.516860803295,581.913027086614,247.195111721797,473.035303479952,174.861686451992,463.113941477938,883.980886056292,290.410768134638,779.425772614272,291.381296783561,715.989895915272,432.858341989811,766.699200854401,256.081934406661,1064.05795564169,585.407815875539,200.718974092225,124.8974874991,466.768617258627,263.097379266417,118.383612865143,349.368432678781,253.958569522513,166.319177671478,595.539154384695,598.7832637538,211.751210632128,109.778042121542,64.2973343839104,272.237546746723,1027.90606178443,295.287469848631,161.541581127602,79.4901203819442,575.577245522211,109.014674374537,140.782728225526,159.789585531278,1495.60072980315,405.68386490144,111.766306221559,250.633373358604,221.130467335502,356.115911999665,176.645437115607,351.805793785551,728.607858370274,692.833646164367,263.297720916896,318.841707683951,348.417589354956,1616.60666217975,1777.47960760413,165.220881130857,1462.595928037,419.710542206447,671.734867682007,1022.39327764886,2625.34018287244,16378.8353056309,1511.67149257245,2262.41098783876,1115.23242884267,195.083469299782,4202.27576316236,99.655021136923,249.52511228694,651.087297330085,102.358956113622,277.7012428377,808.438913249985,484.300291453701,2246.97570256389,2282.22544502656,2234.7590812084,189.847284846314,1492.22085029559,795.053918083165,458.617106583719,5815.0608910131,122.168068755188,1577.46605616101,289.940212684902,50.0171705885398,841.20075204126,166.71206255539,252.604311307179,401.262246901574,174.847205485222,1166.2454139396,144.486029331089,127.055965237606,153.168773249171,320.802351966837,57.3475637272001,1601.27726809211,1430.36247618787,800.6682981694,2838.99265807768,338.695663490244,132.158386077725,1727.29453926105,1.38967803691531,300.954067491049,1486.29850613511,1.28698504913314
"bin_m24.mtb83",40.5495898116165,129.213942707948,20.8501992057712,24.9677940862779,143.759450485664,21.6269691573245,171.119038828112,126.698199654099,96.7390884303095,91.4873183230145,135.960147836848,167.391294636026,103.454548528317,56.3334031648734,77.2591878865558,220.368567084012,113.327375857359,51.9445388424236,155.288027651896,42.2971417895536,50.5106617139292,106.445403970866,120.574856245212,19.9797158308021,188.451147576185,68.113956780181,65.9207091734626,88.5085142628619,128.223494683053,117.336678163299,46.3999786257906,106.057107471317,80.2510916297209,93.800430464489,198.954562999588,122.457877660222,137.934408318931,51.1190255466012,42.7818447381277,104.045600186216,164.782141861402,60.8819800739893,223.43909195401,83.3941228336705,79.9071374675796,140.338154094618,76.1896830134329,128.891475670379,73.714768478165,53.335139037862,62.9567117874305,121.755993105999,139.704421704986,73.3113278154072,35.9027027620272,88.2132693587034,77.5527387060331,157.969314839293,82.3870475974269,210.824938144157,181.550000139894,55.45162805176,124.456606712442,108.751223869079,52.6784798163198,45.0681565577251,32.4408774021126,120.110706579811,121.685183042853,59.9201118407124,85.8832448804118,28.0258732091595,139.197836063417,165.377186485256,74.9272474997732,65.6080950521203,152.556439459856,105.52883552748,74.1769037865284,18538.5112246458,1524.84704969221,119.075415052957,224.964089053165,62.6154838565658,119.295005558329,544.392470619917,132.439867089026,39.3125751202365,215.760280342042,1428.37460285381,156.829573110697,91.2608061046539,153.494143120318,95.5212996431349,91.6824943312237,86.1817643397055,25.3400299601724,111.157228601086,89.8636884923054,79.1148625566772,93.6978790739392,43.4968010645519,125.831132392024,65.0131777765361,32.9476818710006,110.650542500787,166.94671207083,136.487624129459,152.966033356811,97.5391465605137,160.590740779338,18.4376451347464,39.2979810428384,52.8718550552448,60.9133521909059,20.6681023819548,110.737776729446,95.3410397433819,23.4178297309905,154.836585230027,206.161196019923,42.8231907228495,160.198263387972,0.228051758748822,80.669781692294,131.551059854477,0.166736389070606
"bin_m24.mxb17",191.067786622758,3161.9205727044,14610.8215478723,11676.3933970238,1792.10411389187,1142.79824701044,9522.27294179595,1143.93410259857,2938.82570552056,6942.54237161235,6182.49154875107,689.491689105337,3825.53903552534,503.33749552787,2152.52578354342,937.556373401679,289.075717034347,613.825250212922,1099.54189508048,517.532638484864,163.973574688877,1319.58803161197,124.054267558845,58.1466841200736,38.462937913813,81.5826066322717,110.983478865438,298.119877362897,49.3494924362055,1014.1618388103,39.5657481266314,46.8753868215072,149.361745629151,7278.51817889639,111.587165412231,398.94501254565,76.4267160606576,58.4816356642345,1185.79531791326,138.989738116862,34.9598274988291,4997.20929081584,183.006114232803,6203.06195768901,2896.57933136111,1572.94611575291,600.610897542372,71.0352625411156,167.789024394509,192.257851453367,1107.20028017738,271.160645597654,37.4560812350368,101.45703196866,141.517244866748,78.8504072208362,136.111142167091,61.8191960836735,68.4147881459801,103.660476517954,197.765670303405,77.4155250200586,72.5822694796471,291.868502660601,4573.10797055995,673.641127824318,619.777838742214,14236.3374497472,5520.03855608018,137.342030478958,193.957400063729,506.959724829851,179.518967551024,83.3777862906116,101.601903886641,14243.3586042826,2107.15007885888,32919.230337987,303.476086734304,1121.28081188832,986.49412151227,11438.2579478709,2285.76115567212,20727.4382449137,101.705557324504,119.824044495098,214.818405041522,28.4458332903334,823.069356185689,113.225305404859,52.3434742766114,323.076019861621,1342.74169194832,80.6112157320685,29.6607015129546,9.98469780802528,184.998138471877,681.654609861747,2160.16868661792,306.548374874323,54.5512262531394,120.535762164418,58.7236336963457,94.5344357230481,93.6354804796507,163.68061530152,182.834859303597,84.6887716915032,74.8925781356076,257.609103818427,22.7914474764396,50.3792123441519,161.049974813571,68.4833001438258,527.490178701683,62.7759668502008,1841.38813616684,930.848907125273,1320.72726313332,606.327698286639,148.61819658484,57.555102803209,388.572541116015,15.8409929928801,87.7498385928953,52.7690201721614,298.19283954682
"bin_m24.mxb55",44.7569487896921,125.217501143245,32.9664718308889,10.7353636704247,122.819173823221,21.4607672041971,122.171146292678,100.922311542658,70.6670279433684,105.142485057206,89.5966375579002,137.589328847578,270.742863558055,60.1618057972203,89.3428787030849,42.7068809723471,104.057804250926,71.1399055779064,156.49660348166,59.243446516742,41.2913848877577,119.136882546431,135.317969338845,16.6162211139913,213.62078219436,88.9753750373181,79.5181416357497,94.5930521975178,95.9612997222193,183.526478288961,237.838789715471,209.924102636703,238.936152031642,53.9091950180904,161.667399359524,122.180580652062,135.671099366238,50.6239083974878,76.6541360130841,130.292018348909,101.374530437412,58.5798845678495,193.88856265015,84.0195135261222,77.6909480910774,92.0952150369923,96.3164233776176,133.958713250375,60.8202112346906,73.945018753993,87.969995059625,105.724057542781,104.618896899732,36.9001730180004,30.4234058351231,75.0999709120788,75.7545185264186,111.233302379548,79.2579650603426,121.884780698741,110.70493213328,66.697558346441,114.048621943837,108.413652279331,53.2230829469702,66.795250686868,31.6167217305627,129.098659071117,151.220194536954,33.1660364995423,97.4115885851235,40.6245878124806,105.075633390733,126.681828720285,62.1435147337195,66.3943870796541,189.471616795383,153.259452112434,113.956133489875,232.666843620398,55352.2652455709,117.26005850938,184.131659087547,91.3981846848071,120.988725633552,178.276181377389,311.020036929285,36.743508661155,95.4779972294106,39.6369191325136,104.501058535173,72.8403624069366,68.0067125199572,84.023839783505,61.2301595187905,104.16656356568,22.6314255670756,99.8955948009581,80.6182312286311,60.9087664975823,95.4632007543658,39.8009239525649,147.912883251781,58.4564811361242,34.9447083556904,116.762882920112,206.24507199352,122.286680139246,117.89553290839,88.3941079992765,131.227384261926,52.9933074925344,52.1407939778067,82.7138168188455,71.1393382553618,60.8767198733469,97.9413479262737,60.8092621245642,51.2078570063494,127.731058743136,95.6742907616008,72.3593863960673,201.529682021288,1.42245208123647,65.4354647325895,101.481330057331,1.4300041876887
"bin_m24.vmb102",2.45795500990814,3.56325823029793,16.513785122997,31.2619559023874,32.3731961331419,0.372683651049877,8.3973786751715,82.2753795695658,15.7453721864058,0.600746697067523,0.303055083578473,2.81079391993648,262.758706296868,303.829906511155,38.526120110512,447.720887813711,10.5997785478726,53.6783191214636,123.078443030367,211.233287923451,250.926930245926,1035.99954392725,325.121424671261,3.55510350720045,0.704945451425278,1.17252094780414,38.940326581078,3.03844159811076,2.49875822533988,3013.77991772768,2304.7748259289,4508.61707818263,1965.47722446682,484.098257549485,708.119023615118,17.1206430075353,2.66909987327852,68.2852422442889,0.197400922611978,0.469924893522132,2.46463146794164,4.45112549350097,3.65885705886306,278.770828061176,4.68185169157361,0.701935653051388,56.3028109392376,6.04929506451545,9.24463106336921,585.690052203092,30.8504929923629,2.85747057127462,118.249324399626,7.90112402647624,21.6464886355256,215.297058438615,93.3421858504308,47.3801728810877,0.257133972146962,2.91297689752878,2.51683588015107,0.945910101041125,1.00085097684046,6.46939306027365,63.8031468800352,98.4784300379752,292.018708129025,816.925219100788,1271.57819014404,70.9389049053051,0.445644816670281,0.458294096525874,217.540951461386,820.354845424524,175.454444998303,629.953672623822,1298.44322507182,1528.07364368075,5.34087528648342,2365.42918051218,7241.7397941372,5.13899490166772,6.43996370939787,6.45076802619527,0.146566228314709,3.60453957828778,1.84566139464488,0.375084383270001,5.41630633837409,3.26400360266648,2.276937509199,0.637812116683295,7.0309775639539,3.30546163692351,0.56545089288173,2.23418604319021,0.288967819699668,1.34697333025111,1.16412209047334,0.879518683338917,7.71216734410088,0.957042708629873,1.1938200236482,0.713147944646803,0.929228710664287,280.608140974386,5.59472496386748,2.65354235450446,4.59801063305287,1.35421081961754,1.70713064477514,4.39110973820305,6.14900710375253,7.80346909598857,10.7676726143362,6.90089323889773,422.57024091597,717.609088051231,337.125429832155,1064.15666661438,708.228792404426,0.652052604364207,1.0456500186389,0,0.165294578118371,1.17601334388595,0.516229219801647
"bin_m24.vmb132_sub",9.5754816679506,15.7329692907968,1.12175153025695,4.01118414026226,5.53753616872601,15.0581687454545,16.3203137360809,4.84764824068204,16.5582902047521,14.9627997434546,21.6381557157768,15.0018112278653,20.8742930180821,8.39615651433063,28.1192728625922,436.245197830549,9.24776291017029,1.22336762889919,3.82890259616609,6.56201012892435,19.6721365646933,7.96935829364007,4.57226069255896,1.29868894417943,0.780359041041888,4.35741963815992,9.68628868641895,27.2757832595685,12.9659538411315,19.7501173912026,1.92954041604579,4.42643841385048,6.71228693809115,18.2431970319026,13.8762917332165,13.411719609576,14.3186138009539,18.809257278763,13.4388853110085,7.41279977626829,0.909430862088229,18.7987114454651,13.8866534829616,20.9402493317157,64.6474428759463,51.4294918198707,9.26830125587025,16.039044278649,19.1880044144137,8.65043785999278,15.911174794046,27.1909824496326,3.54847743274104,2.68354526277169,1.33572989061402,4.42129932343539,5.29239631695573,5.07569077301637,2.77525585887881,28.2772709386447,6.50085734031617,10.9945666400325,15.3723888971959,64.0870649606887,27.8100404088704,23.5440932008335,17.7586145254778,20.7852478959644,17.6076889798022,3.65560450811851,11.2230064958176,7.4829912429621,9.53574044445278,13.0321698191089,5.88728072139441,5853.34474558354,3.67700372238039,6.70957726650894,8.66679309904364,124.75426490851,17.8407551200506,7.23461084297455,3.70154296090842,9.30190673342624,9.24799787741904,8.97782778341503,4486.78932535791,2.64696455260747,10.8672632699857,11.1406379622257,8.27045467657426,10.3258923679532,17.2467236676496,1.13000784060415,1.87782493936229,0.132492567432605,3.11883967704815,4.33342137140745,16.9136288516685,16.4296308165318,3.44771492923029,11.5780032657017,13.0501323735095,18.0584175785718,34.0306962245924,14.6102684981167,13.4852739737477,13.7691223324787,6.24669078027666,16.4149419873468,1.41731693232064,3.50542894586643,5.69094370501086,7.50940334025909,15.5129772032259,9.20168697984142,6.30322801199277,4.39645940002246,4.52985549901679,4.41359785100353,7.09955418989733,9.56395371909709,30.9634318248299,0.586200026925044,7.13612040499616,6.50910395571634,31.0728298332985
"bin_m24.vmb153",0.623210776519666,1.37278795089593,1.41380748712733,1.33822703238064,0.459610656734224,0.643454895444804,0.898664112646981,1.74961532415519,1.86725837875699,0.990069708925609,0.713506469416916,0.693280098387007,365.84419673492,2613.35527929282,0.797407306565976,1.84849552753115,348.113573450056,309.950931714271,1330.64975611918,190.829070040743,2619.05579934963,3107.65111017374,600.419923490865,1.4061701459557,1.10647242571381,108.687131130202,1.21289086463867,286.950486299355,4.41226757748911,20.1453156358813,479.055857598539,2721.53168672831,6.73013539708523,1289.72629968515,65.0459340541013,0.06501367620129,0.096678033913161,0,1.208367032133,1.10638121528582,1.93422537397069,4.82974509222134,1.23061936527199,9.2719936195509,12.0671226831181,0.826311216516628,13.7129115993499,2.38903636278886,13.0592181326241,8.1769804744011,6.4563330863329,0.517505245047679,7.24520484236222,50.5642679498332,16.7354869469907,1.79113368880518,0.357337992158464,5.03778147044474,0.121078155474148,0.844092443619557,0,0.445406141095065,0.706914701907314,10.8004486805644,3.94319041006027,706.063200460695,780.141159410148,230.784035523574,4.99319449434055,2.16546250711522,0.629530029990126,74.1631232341661,0.807208523458132,0.351968304543542,5.58095713275467,108.686691580359,2.33079924881002,11649.2872203395,309.21700049967,12.5649316975217,122.717135622132,579.706656396687,20.0606433304221,40.2070444981414,2324.68390166031,81.6396646921333,109.720998834696,0.088309072687474,5.18582834503434,11.5270514152237,0,0.525577968049052,13.2428677162441,1.09867889804706,2.1300569675702,0,0.884441627861071,0.475692821541476,0,2.89900822113092,0.55868810568045,1.93134949797397,1.96749320319623,0.419755103716246,0.632018513625755,1.08083086008099,1.01977563457465,2.18660536909345,1.08254588386783,0.892731075208525,0.100480805733748,46.6020365546795,11.1070149040898,92.8637383998345,10.6624081936917,54.847002995659,9.34360137119697,8.83411051712277,80.0884963532583,21.9399799763042,11.9359573922358,1.94455986379063,0.984742501904393,1.49611324651622,5.91532401207905,3.50712248137192,0.972319312202253
"bin_m24.vmb166",64.2355395617763,123.901869182358,22.5724306859806,14.4341038076384,75.9941216242513,19.6053623418566,67.2484881569895,62.7521354500747,24.6983886992585,66.0211770279516,69.567221399138,70.2835836583228,65.0826818816507,22.6259378876269,35.95826179755,1161.5771708871,47.0145967759188,23.1943949963693,66.4971855425366,31.0395218719835,40.1140417491309,89.1878819892993,67.4989492743456,6.44707058502114,44.9057117299766,12.8810261354047,22.95585567805,35.8550143908846,44.6330627561793,42.4372486354895,52.183247852621,61.8237183261539,35.2951442492145,34.3856918050058,40.170433240743,60.0607408288816,66.8078697425718,39.1877155582522,15.7466099896474,62.7010049460705,38.5033623795998,31.8747650449623,84.8900777489418,55.4857306910948,86.6857315374953,3000.46950099635,71.0289445879707,101.571871451193,47.2506250911591,49.8287187486856,65.9003162488554,71.2705244375018,89.1189716219346,23.7021166572253,23.3342384158803,47.5884162077632,38.7601951234977,44.7330196781204,1512.09573220127,2894.49618724263,2133.33218074848,613.2750631138,67.9193716565975,163.020070488536,22.8846992545571,15.1408547420725,15.4775465132586,30.0610146871431,52.2482405409144,26.7847714555036,69.0519132723608,21.1282313408033,50.2716794767208,72.4948266922541,33.6603125222707,2142.66977810481,248.334841839984,6000.92310697428,54.8920020197058,4972.67961109775,53.1999918933074,4432.3610838395,3751.50446132479,2590.70673586026,866.60403036156,71.1592453538243,27.0094226806981,18.942388841533,69.5746570679767,61.814115882592,490.337270394118,849.920047833982,332.975574714837,88.1522463417456,112.602351904653,135.634274896393,25.7042106685654,87.3495220563221,56.6745597421393,49.9693104827481,86.6450928911326,53.6676369547476,113.728690770688,67.733064573582,28.9149885785787,66.8514048274129,148.521488004205,89.0850817271482,80.4809146229165,98.854508987126,100.051112177409,15.6045019357168,21.3463987899323,56.9962336264941,42.25605755778,27.9621384979829,50.2043300373596,72.8483733881411,45.5826699427352,92.4216978853276,47.496894341749,18.8348176145769,41.2055208239859,2.83639525139612,46.9555465482304,36.4442571265149,1.33314745962724
"bin_m24.vmb170",322.070155268654,8853.89587413311,304.562624792654,204.81544517489,72.514341216834,17.3304032871572,1621.26151457681,1461.09113254238,486.50026790586,323.775489114403,1792.72040103888,141.885660084953,69.8965844885536,37.8771893958874,467.87873577808,953.454294046381,294.069794972894,85.2321606169322,139.298901538625,109.600837444815,118.812594294871,198.146829831854,522.464719582676,46.9919575021984,2839.15821467087,405.644839167472,201.10540842904,257.050507505718,240.647473229942,67.579123396627,41.9344268535621,89.5438677041715,65.2711889727255,251.824336534368,5754.82813751942,399.559259142963,104.007721639952,39.8796914653121,28.9123369588485,73.733673134263,276.28908756258,903.759497691052,1135.05913990824,754.083643940227,5775.89098112808,1770.907023216,332.75517010122,113.26098504242,138.828541357924,269.487542962779,47.527624401314,379.208542308955,546.760310611212,99.9868030465626,77.1457110715703,522.596112540342,77.2074522323336,182.461235678634,72.2097916518511,6821.50694557026,191.507416753083,46.7295619672867,92.8300433335432,91.3012819026305,59.6125531432843,163.350066790245,485.04381597605,191.208205844812,606.626076404149,87.9706461887656,47.1554344029262,27.5523042097527,248.331313703525,450.244128007253,112.566151148799,3410.16959241808,8718.81173597468,288.230215800983,595.798310441361,4718.54807358415,1620.10932361384,1919.16628658047,29160.2170926467,2798.57944717268,191.516063705088,359.522155156263,174.25902477731,29.2844684523119,213.021705216999,163.250211027253,82.1671372511118,464.480288617778,208.463351352417,369.161473713815,50.4783984151845,69.2514876163763,66.152623227187,280.845115997825,505.814434678623,282.78909961587,206.721520914275,34.8364608598095,287.989495056967,36.7953277024045,12.7476147623662,405.304024486506,86.3996899090771,341.073571201527,210.547332003452,182.362252234516,208.51316162843,107.838057177209,31.6636641356674,259.167715558487,1047.49448335803,18.8580285889136,200.507215207868,122.932794038244,67.6632562807129,308.685503531812,787.317863313265,61.3007726411852,4037.62221167465,3.84597785262395,92.6878236021172,172.363484858707,2.49948895855049
"bin_m24.vmb21",890.615781292448,3720.53426993511,204.091188876171,42.4107544392071,4370.4347894666,77.7627341572436,258.446448781823,134.990791019551,110.062380917737,129.99626163372,1179.49703928803,2605.64328037555,41.7216721463369,114.087088003315,1717.54920199151,816.667917632494,956.687657901875,48.2118134977486,72.8676847375871,65.2584489168284,457.033682579015,50.4470483219642,1280.91283226174,11.7506639212933,49.2963879563402,23.5742264788271,25.0407092715342,155.34462738496,39.1271650883305,1227.67341772528,1538.99366707178,880.171923629853,29.0890525189592,61.9687952742941,65.8665017555148,392.491315440405,169.037191303334,172.048685636072,78.4302498736619,685.748432219428,55.0735076946525,592.346728337257,206.98358053966,375.827296559641,207.336118396525,626.110264055603,512.053459781235,42.8520998899557,244.279775086953,105.55132877389,454.446184478341,1057.18854600109,57.9489252768258,23.30776842599,16.611095966003,84.6797809580834,39.3428337252865,70.9326373982088,500.14298030022,73.5561500280222,51.2807898532102,336.296276354923,244.803708246285,293.919814671787,79.5946428019066,29.1191751977901,27.7213367070561,225.838873333272,52.8715311352007,19.862540618079,124.038089419066,14.4101687362271,36.092723115017,41.8822226922426,22.3221171959147,264.52103026797,38.6316742837934,25.3901387278842,1351.92543289082,6939.61698916827,5396.41155404081,56.9905825202584,262.429845544088,247.561653997519,24.0010195581334,4274.78273252157,90.996123168315,12.4542535779835,521.065926748629,262.938728284348,673.233074340824,708.37439520277,375.084645561132,367.192101629058,486.233938414219,104.170188790197,107.396903779112,442.863758951942,1220.28950462733,195.629762743125,106.883955502291,33.8925852992244,1378.89718139795,464.234829197924,153.490811278604,55.2125285973979,103.982949959897,111.136074334896,297.378709288123,184.050091258208,942.199597883658,9.24006431836061,27.7654086127481,42.9611715133762,77.6716143034302,25.8804165322969,36.0683219815501,76.3259576543186,38.6399587947129,335.449021985822,42.6364074044904,21.6506707374449,53.7891216023635,1.06564280638509,31.4336775729592,42.1543021586002,0.292172873195339
"bin_m24.vmb61_sub",30.8131958186274,29.1336821016464,7.41081425981645,9.12864240566231,8.36055712449039,5.46036366008171,43.750184002134,17.4088089515358,31.4688724646854,27.0148251702312,34.0187840043714,12.2189138689873,1014.07508042595,1205.48288533806,20.612729433332,14286.4626602063,18.1017337623038,17.6510090216186,6807.95946561066,30.706000159603,566.889308597724,16.2275243138998,15.6943692887683,28.752297518314,6.67379208601724,20.6527442127411,15.6764247198985,26.0685018278126,59.9848689059833,557.661513501185,4.1254572834396,7.74082548310008,1834.80796264719,245.939582510364,47.1407284490798,14.0982256705426,5.97006489851875,7.767919318433,39.7790645975463,52.9092753955138,218.699858286277,401.631729592235,29.160198499133,56.2540440856889,1586.48416172082,136.228609225727,138.507619025574,34.5727153299183,27.5453213008527,1434.12962223156,71.4357709937967,517.852031928708,29.6729289397197,22.1002260012084,13.1542626033576,34.9824077573201,53.2671343246815,78.0316918345766,1983.61825109776,53.6396671548962,20.9905824816272,824.182540791555,22.8419048879984,64.1297727206656,1625.4906834231,484.661509173786,115.400109294346,241.701160288969,26.4291341732577,45.3899509399062,22.4007001216559,10.7434921741279,44.0506298507116,64.6988129514294,19.5916784788566,3871.07730685239,7.75151749925858,35.3547074463787,21.8338600073811,31419.3018404116,78.9079151091016,21.3038741424781,24.4541207371831,13.0864485983317,14.1729114506643,11.6998463985348,126.575742808522,6.34100529033559,257.177252584097,17.7801430535769,17.129325236755,10.0277811432964,34.3620669662385,4.3389661685764,9.94162474802717,2.26620773639595,11.2358633867907,9.45009613442021,36.4738157858709,2068.24190129004,9.42735972193489,33.0058270200671,329.373114393486,1254.56333033619,15.988389400388,51.7391474674127,50.4029810917224,140.410470462753,26.1461737638849,21.4284748172723,17.027382931036,16.4457074006439,36.1958521124069,38.017488635471,47.2215940753738,26.0194622143908,29.9869552482037,46.142431018222,35.5473833532281,33.1995653309684,23.1302313665782,69.5203010587091,24.2768001855681,4.5358464745951,20.9020719900595,16.169997551824,152.026699344453
"bin_m24.vmb7",5.9764448616545,10.2392218261186,26.8901949497914,7.93524646417699,2.7424806372337,4.45029795909229,7.44018733666817,5.31315990912845,210.999070850342,6.01320600257777,5.74758183939443,6.76927306478395,670.86321997903,2639.46062323054,10.7057280960709,3585.06473700945,79.6925936608654,371.726760615956,133.020726210976,3182.18086173195,331.543466409256,27.4517339857979,97.400610500696,428.218623268531,2856.14722820307,1621.271900882,216.639377528062,49.2217559696012,10.2020401623654,191.773233916034,2422.73369876811,3217.52213249991,317.464964751333,187.723572087493,494.741261787719,7.41924389298915,2.81226285078106,4.37066498453575,6.65564641538485,9.90260674724202,8.94462749675063,39.1502299107204,9.36240469581618,61.775140133327,60.2341965212928,8.32033685976956,72.1078068011331,16.0372080247095,325.393142483503,73.0212971777668,16.7451165734771,4.40030824593988,367.471002827316,748.864214643734,984.577066832844,262.114169346114,170.47124817754,190.023818022711,5.14759232910767,7.08281711470576,190.931892996896,68.7685772322787,186.916115345306,71.727044830204,243.271798448507,517.613441720741,1111.67186102432,147.9211425653,563.429907625295,127.734691969984,1130.20190547927,8654.42016360009,17.520327547544,30.7151691275382,13.0216915403633,15901.4806814086,14906.5051471708,29839.9561708862,70.3418093736531,2116.8333895916,10491.1495169738,4870.34743684233,15803.6840161876,8709.88061234465,12632.4887258376,6.45639072851682,31.9247932722938,14.227302601673,21.4956951089019,94.9566967363616,2.69894925593606,7.39224812616526,84.6880447198206,827.052415646767,36.3425849705573,137.20582290421,9.13401711807477,9.5797429295084,8.79036322870833,1230.64907562113,5566.81602085103,2399.5021859686,4213.80807729636,72.5100214384026,10.2258413220127,15.1154994371962,14.2616375973244,93.6616741666743,12.111587337258,10.2732974106732,4.2719037368226,345.040311420296,303.548764485401,290.013250215642,52.2213810155804,240.605246154652,170.349475261611,97.7206541042565,875.803569719801,2423.68640546662,289.927029745447,175.649868264503,272.495971017336,10.7870999922508,6.61809946978856,62.7806298003096,10.6064067895953
"bin_m24.vmb87_sub",368.00224204423,641.81330372986,44.3745727210072,50.1256847743022,545.787819745891,38.7248893946241,621.301849819168,761.019576654953,108.444033661327,255.649475661213,498.33546731942,714.340654670507,127.655449776122,175.704189601267,138.948884558733,88.7100256534765,272.043336376125,112.054940017153,365.512316857067,101.570995134698,163.89925154011,434.915518432854,397.567457888673,5.97741789240717,68.113451673816,91.6622378319812,31.5390407529823,56.642954158502,28.9890976320082,500.369505861354,506.03994571295,308.160424982138,316.63172648225,199.924923961654,222.268647877187,830.104897170538,456.643234932803,362.034138159577,94.525837207156,1104.7375576781,449.110905009506,126.836779690897,790.251030486045,224.462324080349,321.918873721401,796.994677395935,576.969521022442,861.849535108998,136.394883287173,120.772123991232,494.659416607042,1189.13684762466,1578.8702263037,51.4478419620013,235.145055543972,562.303405644513,301.226670363425,809.224414934177,1271.67143576864,1735.46837876459,448.749716609787,751.94954433524,1193.10048437636,639.442509755569,368.762011849818,512.817191287999,105.07796896198,633.282446547552,778.171140378107,333.967250194477,1188.47464569978,352.299359922702,798.86119142215,457.090177962912,930.348056825582,279.477332043622,1500.08598252169,120.018303326292,289.154315358466,1334.00901284602,290.304642243692,974.649929982026,881.392182792541,319.045999045079,71.7606976302475,1102.29062431614,482.448193712571,246.83751941931,1424.78524639864,258.300615404242,2379.70699268022,444.775165078719,273.133211026977,643.186967881288,2056.42456494612,332.501855354807,121.902191130903,670.083057462774,665.812055309261,768.970682851065,1941.15231601029,442.374410121096,458.120052198775,580.10534679243,141.897947387622,439.192616448518,945.956026168357,1191.6844749837,549.738897543145,1230.81152634116,545.286293292369,239.153945011048,86.3028075595747,581.952069835904,267.358820359884,18.0020804915757,1109.57717433121,926.174879311626,597.950154179659,1158.08550360476,101.568838650406,188.131399772721,72.3172035502283,3.68017677490796,604.142741831889,67.4920035919925,54.4216234779816
"bin_m24.vmb88",55.3253675251786,52.1191001617194,15.2353635503574,14.9616829869011,321.383053151057,32.5685491598992,1004.24273816237,111.665474978306,17.4586259570477,654.626295502579,122.252453634307,250.500591914381,322.130412783434,151.715609966177,247.047580247613,470.434916861789,745.476942508357,29.2847999443175,92.6307855463136,60.420603715329,31.1601355808022,68.1319153670444,42.998263319282,22.3086755262101,350.947852259803,30.3147489156281,228.665502656384,224.600652188866,61.4150540984,192.993460473363,1108.16899371454,884.476300833262,221.908695655353,342.063301894681,176.443854283217,484.46170477163,94.8051100835628,256.632248926288,72.8703839766348,479.880632825909,291.345123030329,333.388537227777,316.503164973543,461.410511468993,669.77287561881,209.402545213709,210.164655984208,556.395835101582,206.327393239516,282.772730608695,147.120528855754,948.224930175573,157.957735578812,81.2470528602289,100.314619072435,106.479815645767,135.22438742963,345.115003636808,35.445792838666,67.9360793551457,245.486363475863,93.7951422384979,234.247345806902,75.7883066344728,62.7267364653104,89.4879560972527,111.289732597285,525.485746224994,763.230624952054,15.2672379924561,329.898209454315,189.785241049481,243.415219814649,100.19455413715,457.05508286575,180.94380187261,619.001354358548,80.7597669270208,490.482523663471,3731.53683985807,11857.992269142,2133.72699650487,546.095672484867,164.380745792061,198.136361902625,3355.79619301404,192.378523842211,39.5719242117399,629.105040070696,187.705575963485,114.814604817331,166.876665605079,69.7317186163912,86.2474620156557,60.9709147383774,340.372145987185,15.2127058773551,269.54870869587,59.9725193454453,456.32815833177,116.145321224345,291.547876878296,343.101380990008,840.209044979347,21.1743206343496,106.846575292332,698.12122123027,1127.38350167141,728.484350193907,662.761685063722,268.532796397661,29.851410770974,18.6270565414527,131.463318384775,239.708587403186,113.18502589333,58.4427005889386,77.7957758841247,97.9198539201006,278.741648175121,253.372495664695,102.75212656079,1116.29256385595,2.2392084093168,93.938909257701,88.6813739364572,5.78463675950967
"bin_m25.cct11",26.9658738454984,29.1349041987108,5.59387663769708,8.03354229315364,19.6481334061053,42.3783998926952,161.843752553239,38.8753215865963,134.497608499993,112.888111825863,113.311895624389,39.4687473588296,50.6190711764585,40.7708777291501,62.5565320776706,75.4074408170853,33.5868068143464,8.24934580896519,85.921736599836,21.7047078113677,55.561648787271,11.4524761173772,8.46600431315288,30.6046907228751,20.5307168396117,42.5419067808989,86.6338110834325,71.8583353517149,70.8336958051369,60.3015510756713,7.93201547079118,8.86520762005775,34.3174445325928,43.0048492321284,31.4783826205946,86.9271436052058,30.0737279194113,33.2092480864058,126.944591545067,37.8881259518896,16.361509739763,116.247751287462,55.238802151474,48.468781965928,246.956008225729,182.296477699962,85.5944063543799,65.565550266954,106.34698318779,84.4831087666889,59.1582537684655,61.4269027399176,26.5429702679238,29.3022430398648,28.2828509539301,21.9935391858463,62.2091799831719,36.3301857390447,56.9914229863935,111.852489268271,46.8903896309561,84.316739058352,68.4778272565755,266.184521308122,75.3182800617264,113.480429163827,49.589538498177,76.211989364795,93.2331937622286,27.1557103103541,30.8248572546276,40.9251245820027,54.4048099379523,75.1523399728462,58.2465852712243,18.9964004089644,4.68634124397953,10.1718756272039,21.834775892168,51.7934961993974,12.8420837472609,24.402269496225,6.0467862326379,17.6674466891184,51.1286927065398,46.3138346812614,24919.5343760404,9.03631157720992,29.634923884388,20.7361952543161,28.7072587551868,25.4047778623096,35.417106517507,26.4819528266131,2.90613528907189,6.35643975549612,74.257516329629,12.4393531406294,32.4079511121992,88.428113151127,4.19234219704992,30.5663421203021,40.3929561512746,58.6435903625151,104.072024026628,110.965723722202,109.914839974606,27.7019496932548,58.1388093898956,169.823207622704,17.6846890774907,8.13754031276426,26.3572754906822,5.12717922683756,42.1157188594857,5.77684574827505,250.191545527125,64.5407238342116,44.2196778107749,36.5633479956602,45.1264960398951,64.2318096315797,59.3392312534344,0.680405511580978,42.370388974332,29.4650921420174,398.139892019744
"bin_m25.cct140",13.0272030102857,39.9439690810599,9.27646363629049,10.5677476130427,53.5524139671742,5.09483834820639,25.5686150503417,33.8153728725196,8.48244128638392,14.2899499455126,37.6181548246906,68.7266795311839,10.3599354767996,8.81604832222921,20.1411003588965,8.04995390003815,23.9709179632089,8.28783856002264,43.8176390455027,14.9999505891029,16.7144112170266,31.1188293586241,25.3825235400219,2.79939898476324,15.41933211912,10.350255550127,12.0139142354372,10.1767017111203,19.4710404931682,12.6049122262148,6.27495809848517,15.4346880357408,18.3945110971153,15.2364632193595,19.3726522486283,39.5621360719562,77.5799648738866,27.7434371006277,7.8799252394677,57.1753097239008,12.1295463254397,22.7525732697578,13.1478667424084,43.1911785770165,102.137051362796,148.257220296231,17.5172562439826,64.8778893672062,9.47852838271605,6.12917957560906,7.32732455212246,6.97134324599904,17.450933075095,8.24832087709701,8.31781277298521,46.5928999896045,35.023969085138,18.3868649795824,11.5298423738092,28.672106708935,38.5356764453659,8.66392598365882,15.187366161201,14.1505587423544,10.6848457188158,23.0678405582236,15.5106831241597,9.79365151417452,34.0459914907642,7.91877945469714,26.4810538107637,31.7436355057128,47.1517097921317,68.4639715936984,43.2630945078869,12.5460560564417,19.0897301054713,9.37955554456109,13.9389196334131,24.9403063338971,1051.27613278275,24.8025564993456,53.0940919930143,9.93257069034979,21.7196719656822,19.3163885681241,26853.0682777998,11.0757412505703,12.4888528660396,11.3040230539527,34.395644935727,39.4113460326816,21.6702925982449,30.7277741002032,59.3671474360004,20.2455389550219,16.9076526733594,19.9792325824911,12.8375665898122,33.1851831677498,48.6602583370489,13.2329479453628,34.9255054340029,29.3451408269394,23.9384499576189,39.8515472145219,34.2449535417265,31.1971228281181,61.9436276772441,75.681064841101,37.2235263516009,15.2382447880754,5.73269132498864,35.106995833153,22.4265646674652,12.9217064635714,19.8143339153873,14.0648072809601,12.2784803594604,67.2026239043637,39.7465873463941,13.7869889421717,22.4903990378351,0.965240830183142,26.845105593849,28.7240617785516,0.705720365811834
"bin_m25.cct35_sub",193.199109651189,139.813888764772,212.153581566701,227.300442306054,82.6382473546936,251.391730997792,121.255071463537,307.070164016186,917.392370368362,583.807363944377,393.517739002567,429.114259621032,91.3695437547698,180.445615805165,196.674790673092,710.504391004072,284.045332243324,817.140578508541,262.038340178143,2356.24260089803,706.695824593945,397.697673378781,404.834184414507,491.573723232786,50.6820757359893,153.638930921868,1420.78159479189,297.185582676823,192.349681230129,34.5548366727984,67.5498590029597,405.936914643918,116.66496850132,473.395619794777,41.8250491136957,282.905979878711,187.954259649689,524.58027727393,430.195400894183,27.7467223432691,34.7440702102689,426.85296638558,19.1296283574802,748.614928911243,723.986627922739,101.473707234475,394.825827786365,45.5164976943088,876.150281550076,843.92564877738,324.047167668093,27.5657240093952,5.83979669663394,211.704943275557,184.494811044586,108.400772808871,13.3313221245896,16.0350852579244,120.330558434701,113.170153268097,799.391674436916,638.02005185336,122.463939318084,395.33050476339,151.196243722946,185.473194200402,1203.74441767829,168.402103011257,147.17811345635,171.124558476099,127.506202258677,245.627107171611,13.4680011216973,21.1554894970278,227.09383511239,3215.41371163133,13.6027455711379,372.710397690603,126.756838907343,56.8870300068537,3639.7479873463,138.686864137192,181.542315747326,286.368387361792,435.131960708992,377.641495832785,15621.2525032963,236.477247918205,83.1671511668447,219.888432654123,120.275420190227,214.052956516914,194.784025044912,68.5992493274227,64.5667041113908,135.188231239436,136.567378358458,50.5291499215019,20.3555858539142,68.8839388422047,0.723720654480454,166.12327802204,82.1402154883014,112.055550324858,302.092261843729,760.90806976085,192.867490102892,1039.7751541031,113.001684395248,83.9243268598041,246.475011562003,339.543972218435,37.1873149133856,155.085398344825,119.07303816661,231.640819246509,110.89035278842,87.9314901788308,232.145446623483,114.446561937002,675.399286422355,260.912179428587,674.212199997607,0.861357603791669,115.746635452256,143.657663336121,519.30653569513
"bin_m25.mtb107",682.474865925732,1151.66743907639,187.398067441294,433.08267832032,2265.17522751701,738.249615797852,1297.6176577401,1027.09918735355,429.3102293593,671.76830195361,1148.81042975251,1471.57575267852,252.968211368513,176.594132395119,551.466946947975,1615.38762823363,1561.94767220307,224.251575515213,773.661462206178,266.053297103204,614.520748025977,738.944297648936,814.118576757423,60.372967515449,782.590949106914,459.171036586461,287.685856528589,566.918027733279,526.066211525763,906.683696017345,429.837019838896,653.803432988282,387.946250632666,765.859435702274,862.052140286351,617.430280371959,591.724347401608,316.933570701968,211.044956755135,418.094740845399,379.851152383194,705.377340767378,3606.21004416292,1181.96463534115,1391.01176316043,1633.20903674038,535.544995234943,817.618657563246,477.406512054747,424.853257170778,243.919223976717,580.048533931726,1189.60728058034,412.400442911012,395.841153345864,1015.86698346751,1132.62961709063,923.288602006619,484.496069264703,653.068939333769,274.990971466328,442.934407947398,705.626823544114,727.764986980505,336.572557515325,319.112591954159,191.869486861017,847.950479461808,1266.01759310458,400.462015972875,334.142481412903,266.558918362586,1198.36206261874,951.172302738867,714.293766433672,3046.07028611752,41418.3431804275,16140.059863242,1297.05596697711,1991.84444108822,23511.2514762824,4933.31545124726,71953.1405020626,12563.0291394893,1203.51061159259,6067.18991552566,1354.43955644902,176.804024417357,522.301360694091,503.741329012324,369.726513375923,1853.4462788237,733.195554348918,537.384701996495,4354.56723071515,302.636023759593,116.375282734057,1378.84603449916,424.068553208764,447.835559335885,1866.00999063314,191.377940908769,1557.17104339566,306.161206905698,171.562798744639,441.718802646736,911.619425321705,642.573089772599,504.75624509047,984.085820692929,747.562527397706,181.805052367325,678.523499874766,447.133543018029,512.700697780224,114.46582825074,1249.45995613797,678.738174807969,344.361353726022,2827.12509594925,3464.44862454096,348.257355530798,678.06019615063,11.0193270741498,903.354041999669,1662.27083819444,7.72910017026663
"bin_m25.mtb125",201.63618650272,155.951560547935,41.4927643122459,220.628693364666,102.562755876731,62.5646073872167,1350.68239191824,350.783073215001,375.302858831858,559.865352592431,376.522504466061,79.7168928887451,982.726439095734,2168.26776016756,967.64649965314,11737.3138642537,807.297663683209,207.469518875109,2246.94435759118,360.60515002323,735.90836650132,435.769780960687,135.228044706162,62.5999489004005,63.9526026057243,93.0930834685244,135.002177250614,445.283984773856,1720.12648115684,1800.35201620279,43.6779938215473,56.5166488967401,2696.05459311489,1882.56593739176,2326.52931941328,3900.20295728484,39.3862681719742,84.1453968266563,2735.57287827235,1422.23830408632,61.0715112334038,1585.53008115982,133.278917596035,526.496469305824,1190.0890653225,1238.50549864993,2908.20674473225,108.795835186769,282.593885363065,399.118487620904,7353.25628813664,6608.78492729963,273.001549309759,262.864965769936,107.283255742829,245.645949341699,1011.82834653087,408.29385469537,1360.08760955503,1704.71688249075,1372.47539990576,1862.93138553866,759.522411866292,1290.38344817738,3526.45720260288,4586.5217599318,1404.37795159321,1232.66265137832,326.546134388275,6816.9583225731,1174.16419999074,1033.59759449975,7794.28619944493,1136.26160864572,1328.67114284838,25634.7135821784,87.9756583296264,30430.4056488208,424.140106975348,11205.5265973227,626.566998616548,46721.4888677129,209.433808772258,11511.8648960367,7585.26638778247,6612.58387615785,364.625290088243,279.290852631883,4266.63929102181,1310.07193726981,967.590090938437,447.449504342583,382.878771310187,2488.50324149907,47.8114167619301,86.4434119663985,8093.68287653499,323.348364818805,297.653540111651,4188.03880121812,759.004966969653,293.054207678572,1093.33728288704,1486.10906411999,187.423303318084,3059.54091727853,2672.40277973346,672.055100916524,651.873357932359,4426.31909807044,154.607644088566,1346.72256638591,546.561777071804,158.862530842163,861.668821536618,114.269057084342,3223.23304188587,519.074928509035,443.096841702734,485.360359614718,123.14424038526,2231.77760828576,304.845528484307,20.3356873118106,3024.31829465828,1487.20790224883,299.408308760278
"bin_m25.mtb130",1325.71615748448,1318.27850918079,2364.75475564424,2897.56941629789,643.873955293225,1443.43499957012,57.3115536471596,87.868900330085,2324.41485053698,1169.61776401084,761.329108628445,2540.7929124711,5199.66865830062,5822.9016456975,2204.96400515537,5587.26987474425,2096.97281081675,345.310318922018,150.09712383947,2376.13495004072,406.5268073047,223.861123718841,351.848821853365,1390.64326561814,335.522758888702,4245.73805129,1800.30058990659,1935.92329004868,2382.70997763188,22.2429135888321,131.645140705024,691.149740300469,234.906502287972,541.340785913586,109.562562835551,113.704459886987,263.189179151956,2688.4510409719,1838.30341742738,19.2521219956198,413.001094250125,242.765664725446,33.0449359124868,1818.44270088547,92.3427417737347,113.131340084937,270.211847498514,27.920001677144,1705.64609898246,333.164196532389,137.776167930342,16.7302883663178,8.29588139300419,174.02275767701,3694.4525877963,136.061119216636,10.3528666927105,114.742967185099,170.582340527093,399.727159158691,1579.29083252409,343.26476090975,108.440389258158,133.804926047606,340.174456781082,201.863620934431,2472.28049980283,430.610704768954,168.228390422762,161.525649150856,544.385725523093,2303.1434057057,11.6933021676516,9.48224081972816,252.634137361818,418.768050460863,30.1233764921528,730.433741497359,2617.10966123601,166.006534926604,4400.89371207954,10432.8937825901,2143.4462086176,17607.0946039981,62645.1054832665,40989.8687570861,1626.02073873159,461.701461942707,132.049955808266,5395.84163099141,205.506123998565,345.131011916234,355.574608438581,335.537108298672,396.285993052372,4920.58566491918,572.999318848662,317.585177142119,326.099440305345,231.010833567059,9.37628094451379,1130.4818178774,957.822444128527,349.412830378695,256.413628521065,95.7878802291033,20.1171180556065,788.849420582933,15.8209515753477,24.4449938122739,37.0994077003875,3364.94196363329,65.908529832875,1117.01983113669,227.944150593434,1770.24641768211,229.725772654237,105.531422186624,6729.1369750516,259.477941470996,377.389145362472,6679.03847644367,1873.59607098974,14.9771685015943,994.262107837103,918.264011506731,429.424186405828
"bin_m25.mtb132",2.35386810089173,2.88056793824685,1.46848711429113,8.46626345414894,38.1909041025927,4.08737346855109,5.77023484731983,9.91244982161413,2.07430526079249,4.80792198350259,13.4745753877971,5.47508736010636,2.36177207767453,0.912331707336867,3.0118086738258,2.79270822702746,18.3724101218392,40.807381845605,70.7435275232416,9.78471910555523,9.48172462442015,53.8571328943818,56.8433425161506,5.69047167111598,83.5829624753561,12.0154542010837,10.6442990677056,22.2909384397523,7.22156140582479,4.42758623759063,1.42085537936392,1.11554935578604,2.18250225719841,2.92092570252892,8.00297394842764,3.92890814594803,2.37349507788331,5.10750848664981,1.57984761301675,6.05926525166104,11.6889157357664,2.92559654817108,6.97207696992213,4.91858634111327,5.47806991560003,6.39800651538895,5.61098298257029,21.5173245542962,2.82589357183295,2.80767894054539,4.7108507602329,19.7416432064326,2.02704816975496,3.51303433309743,1.69080142587542,2.70604592433777,0.944766318023344,4.07736614595171,13.2620592263073,1.99258656952269,9.44973205973488,4.83661166097731,8.01005388335981,6.40664194271261,18.0848871703329,44.1623187455289,7.44298334979574,12.6726333415733,33.2731999245565,2.43628457443504,2.50983237200058,14.8072025405355,29.8785132800817,45.8637773210147,21.6197784897082,2.99000288708262,15.5218415046502,3.8132538737416,5.18113023017119,6.89988813062682,7.9990898558351,3.1790242751681,44.0517918506181,1.8114760014504,0.260667819118795,6.73120169416702,15986.0779859043,1.50094579029342,8.83015170485987,3.06376348677096,4.30262559778201,16.3062510785521,7.67326692845747,4.32261662217741,13.5763232244871,5.53451305966423,0.899375465888726,6.58787267860924,1.55279205517315,2.34633400575658,8.44066347923519,5.59261111240036,5.13108391414894,3.804997677384,14.5064353927391,3.91220406059027,31.2950154140284,8.25881198058077,31.22339209997,27.9381583766914,3.22588739536886,2.85350116652595,1.70314753952947,1.41938776879025,6.61811483435061,0.743832022059996,11.5078686982704,3.63263765476055,1.77279247394801,11.123132819333,16.8379040446597,3.67230285972653,30.6848355545137,0,2.2048212104715,3.13730697511496,0
"bin_m25.mtb176",309.90759407995,187.509124366249,154.248970121218,318.94599475559,96.3463620189374,269.513806441482,39.8790745351749,66.0680045114453,160.550506359701,187.798892708708,136.767133001816,162.237328237053,134.163042547042,9517.87021324956,10715.5180857915,192.047578710866,1115.03105733098,377.826954172909,183.301532182643,315.401416341591,408.591229166428,316.866175992329,356.106572613114,491.781302239767,47.2606978766576,155.052357095831,345.395102371986,9533.35230249032,301.099838089419,34.8089787927816,47.4736821456902,82.8532154505288,64.5591878009388,220.336806549833,18.6634812860613,99.2978552508081,86.9882587157744,117.438525656243,168.571821519453,12.7825775930033,65.0096777981611,219.899792384842,15.0796580543684,203.798206576554,121.868466920078,111.089900214631,331.267226294088,228.888525174055,383.86692095209,506.522341050687,214.160221273299,64.2289318583419,10.6865621093681,523.832948235299,260.951248229022,204.430319236253,14.1995557984654,47.2435213776891,115.407328777912,147.760965799131,150.753075752919,200.08976384528,83.7358639875751,123.013549540377,201.656734350228,234.218505802388,270.985773551915,185.250138450735,182.119556927069,185.139811214991,241.646651607634,325.002767299269,73.4075956337963,141.86422950444,267.537731953787,410.435295383254,9.66347863729819,254.767774902391,14819.7444146529,25.0372003637411,641.576814558257,161.980315562415,242.142380241676,429.228396147686,630.759283713557,626.61736258488,80286.070155479,507.74341444601,176.871230355155,368.81734042196,226.276473983831,392.068610489576,429.921566758886,136.712516333127,199.02095932718,145.881053525833,218.183046189049,109.155037442288,33.0250422753375,145.719332433358,4.03425259445018,213.446628665665,147.278716695926,151.441075685125,338.293216634562,125.031484086753,78.6952946537933,107.722966583663,89.6693600645935,107.38346104133,16.0943674187889,278.772232826403,37.8892534741269,163.364849196959,90.9096732320566,348.27818269119,117.907301668347,74.4535110228215,153.603034394773,151.177682527175,164.259082288161,252.792647910891,134.745411064024,3.6374889306843,183.051092509427,314.074954760543,1501.44265896647
"bin_m25.mtb19",15.1939944182392,2.36648258096385,1.64510606502205,8.39136580777223,0.693262958723829,1.9663457732717,2.78849427633107,5.49356885251088,32.3781074001813,35.4756678661395,2.58295632866982,7.65958109501425,4.68899667974648,1.87377727218935,0.773219131239969,3.94333310854453,149.294870365221,5.25424159848745,5.08884907579455,3.39653784722882,112.083010293917,5.28718973943667,117.345452966028,0,0,0.101974133724298,0.092243106507466,0.231221577846472,28.7130053122483,0.112265730912379,0.176860614601468,0.095464685526267,0.263676228667894,0.206865330137161,0,9.41420960241292,2.12489682701335,11.849782262894,19.4684621414807,3.43302646989825,0,64.2104863389852,5.40958287769167,40.8119045973911,7.5006950657443,38.2461559412052,135.628896505444,2.61356442316189,90.7521163253122,63.9120926416749,24.8522471429906,6.42313582340027,14.3977993897721,0.218642030811685,0.089041649477688,9.2629455378786,1.57079397454623,0.465235028081099,10.6447588133098,10.9131752462857,36.4328893521414,9.93359425290582,10.2059087969796,5.99726333551949,0.48553390996045,0.687136684440113,0,0.703445318552005,510.272577963583,4.05063247577367,3.43651825890361,3.99906918936335,61.574212689565,4.77808610720203,1.66512831509094,1.68575581127954,2.53765377012881,9460.69939605051,97.8397197099547,30.992343459406,4.86779181852984,4779.22814626504,279.567869042325,35447.086015885,9870.22762381291,26794.8111648828,371.730968537439,6.50790638176308,6.37495924308649,79.4836999150486,7.27742719235112,4.36830287186453,138.237085166658,0.118372454782805,0,0.194307135202923,0,0.307508920623747,1.06305869455925,1.60632633123657,0,1.33174389875022,3.63392799393326,6.29528058061106,9.11413730426864,1.97964140367461,28.7862964298294,6.86566183008543,2.29027298197591,7.74964104980185,1.03928393165867,8.94515045356644,4.66397491919704,6.58616076732625,75.9637859981471,5.85621017356661,10.9247351596353,5.71076053026892,12.2644893549491,180.47598160615,11.7133422682626,1.5878522159648,1.9097435790917,1.50446162879918,0,1.19324178601245,2.19992602431577
"bin_m25.mtb2",67.702890769227,139.983348038994,37.1329693747792,25.850043557482,168.61431458829,48.1901001084974,188.274917299227,256.385325486554,131.370197952361,136.389847460512,204.068817485672,218.898580149164,154.366214443711,75.1394549583091,94.8242083582547,132.453561589454,125.43285371989,105.193964957886,304.455067581665,121.74054498132,117.130853733892,198.923426601938,201.881324510751,24.0796652572161,321.444660486065,111.025380743057,101.047989541189,122.481542270887,159.680227682387,298.338680623806,176.143782531538,223.417229181638,183.583914643709,124.442763979095,177.491832727681,187.781163149309,257.684691162906,118.273934262621,44.3553992290101,180.011065609843,154.078172488954,72.2198618556276,497.226813110248,154.708324499391,123.936453057854,163.274694410092,143.349754434521,259.644696894862,94.6183302389651,105.67953941076,114.721328497105,241.337463451589,237.864748184426,99.0327546366468,61.4691985276886,138.941719735949,114.042422536989,190.394975499403,147.81728443877,244.333713338775,205.801021910729,98.2799672273724,213.553865901545,150.122745707199,126.01675406235,140.045577068111,79.4075758837093,154.672143767877,239.250363246026,124.492828139393,161.337612981111,77.8783131579106,278.139091759115,257.442369975403,123.935502984743,162.729911916784,1148.01196429561,211.029974497927,122.800787156192,1046.62961480468,146.965420037024,555.870648022409,869.114882589309,165.75814989091,91.8962288665267,214.33969124067,30830.6034606392,61.4235143411514,196.412075760272,68.3865838260551,235.55034294702,107.715165044827,114.322946465559,169.2369875648,137.219541568542,211.133143838988,35.3220332691984,277.661104620111,339.62867573925,128.851648623857,147.056647128504,92.6043684763579,191.70776305016,117.425497794262,71.268667050106,198.121089731135,294.636024945013,238.735721954501,393.502196947034,321.424588350482,385.888693147208,37.7059458900948,29.2822077551585,79.1268936956077,99.2834151320025,18.4945501785023,165.878012792044,259.949587766468,57.4887746185716,309.841888692399,269.112232024976,100.254836389942,211.145727067938,0.507683337333571,95.2597478879275,180.11054723099,0.3711845368908
"bin_m25.mtb4",267.504473200177,591.480390011727,138.391683064022,148.270506220177,829.721781501208,278.502061189799,675.76419757669,656.804036486457,340.762749040168,397.325135346041,622.368887404451,729.926353397151,525.830128773879,242.399159257021,858.874839231114,789.877387548205,5141.85348770199,298.643050446082,772.252591601002,224.196279457445,319.231878862456,583.068092128924,691.52013972995,92.9609664450179,1117.3527372388,389.875972471319,348.600791606146,481.654190012328,531.451683905827,600.344505527578,461.808413030692,627.695021805935,562.499347126338,303.539763320154,1365.47731074956,594.59777400656,576.313501167392,324.909557686767,195.306060892738,548.004852710842,445.508339880783,275.223686949003,1131.89470821987,514.394380480048,512.422068589312,637.630594624469,576.962016937142,831.741538912637,339.938614262591,351.388187311471,298.217771043264,858.516804741819,732.481348421821,262.324683626059,179.972305797176,456.214868746779,314.266188460379,735.788893650392,580.404203355364,649.083874896148,418.126646132376,395.379344330148,900.568218482345,675.073148854245,316.561601812574,347.406549945496,226.571318322955,652.171910486348,1187.75861129296,318.542408656802,498.806321293473,120.047346189475,737.584141489856,777.025636835024,318.841690797568,798.650772288665,1144.31010812798,1174.28009406805,990.057313470457,53635.5886404615,15030.1000865404,849.055448757415,6697.38817591766,22418.9763765996,432.582658946735,2134.49028401237,1048.97525584854,336.750385286024,662.257298006676,318.792803173835,1111.65880194834,406.760923530147,710.220529223037,644.709440571488,880.930153016761,398.180993719834,144.637835898491,893.258834382131,1707.61648595756,483.022174457746,444.795478149044,239.578183977103,580.825942851034,420.882225524627,183.736389804647,554.743104781518,694.610271757168,700.699429189313,820.717494947733,559.563668523579,1012.24563788249,114.813621729853,145.665135226272,238.73757320455,413.260463947337,127.079226791971,560.232928053749,571.888735194587,270.016768400018,865.526459048159,733.481546199458,231.815856937461,768.871942834031,1.13168597413172,393.541646128254,543.305304437775,0.591010046904065
"bin_m25.mtb47",11.1437621347941,10.5688938246802,3.16007339220823,6.38109792836916,2.39703164266631,2.17911959393017,16.4709308229527,9.31108251469068,14.7303693944022,8.21954870845868,7.22973636414403,9.9549147739941,2.42258930540065,5.2447327632637,2.07938014265546,15.424889587385,8.44581478887446,0.738500344333516,1.0112210310009,1.84857636013787,1.99505342437325,4.65043751481085,3.31211912044041,0.399111464192209,1.15412877282672,2.31140100423954,1.27576206017559,10.9261393026609,0.657472321980553,0.905732109287861,1.93646321354238,1.65039736426196,1.62078057255973,15.7357034428725,7.818148512552,0.484384637851888,1.58466011767422,5.14947421000283,0.415520450549065,1.81348142472797,0.576438135504872,4.88839705606908,3.85086835835576,7.76191271494054,5.53268570534583,4.43263306401588,1.70280165319387,15.8826525075819,3.4459621056516,3.21228379123851,2.95177093911404,4.31835573679447,6.99746260282923,0.755978463406135,1.231484524753,3.20276358042588,2.34286628216678,1.60860041569218,0.721674600396847,5.03113112816794,0.98107986325551,1.32740004846587,2.10674825287764,3.09495320443486,3.9171673210099,11.3842783121965,4.89400333528169,22.0252686225416,20.8330159896055,3.08944848131271,3.85648191655795,9.75408129511367,14.4338643000213,30.4191575748504,11.5858009345491,1.24900349981528,0.365592179500906,0.81006314121746,42.414179848279,2.39017201625715,1.22725433318458,3.76256111480807,3.47585809791676,3.93064424325364,1.54257802898712,10.1165343422172,11848.1783212048,0.921125907177567,1.45680618087156,3.68975978009905,2.99553469398598,1.79008942533898,3.58785583568765,0.545714082780916,0,0,0.811019773342578,0.826968601008381,6.26220213829252,4.31981432021925,1.24875234668001,7.48255386462756,0.418823299250624,7.50572873081896,13.1123536999939,2.68424478935039,15.322315066865,5.12012646697139,16.5709613452522,21.6642219635975,1.34753871450505,0.355503734906946,2.12186810541048,0.373317426524037,9.66616385616536,0,2.05816891954477,0.849271915736118,3.9755435728359,2.63297561756774,1.71429195607257,1.98256165321188,1.22280461597417,0,2.89948313750922,1.37525416699443,3.2599209035139
"bin_m25.mtb55_sub",257.943066692284,773.272219957215,165.843351946375,257.837950405319,1436.60940110347,328.475614870529,1158.01860109343,1000.8416474408,787.752068352644,593.63833461101,792.995790639275,855.735089098725,4037.87021026069,367.555226216845,375.580499714214,6086.50718962978,2938.38005913652,76096.8251799591,135769.086147384,1347.48782662691,2244.04825444601,138550.983385639,156555.389871586,19023.6041671109,343906.015856001,71171.9074852002,56864.9680045896,60980.0499381209,8507.48504079632,3106.48811948782,3717.26088501354,3201.26688764733,3727.57554740699,785.768142036012,1095.8343502949,5454.18901680754,2073.04591832519,1827.22022252019,3128.94287367545,7370.00002025134,6074.35407438377,444.663684226141,2234.56567960277,703.718159497966,850.573637190418,1414.56034061622,101406.457413593,222273.724328529,3433.53760077564,1812.10196657295,21547.6374074065,103736.721944207,7828.97099119329,6004.21356289644,2506.49668310327,7362.88101661233,2382.49970798712,226634.338491326,156588.568515334,1673.4924306647,814.699474799662,125720.163602551,252949.098816394,145999.294701282,38450.0727138782,61672.3734827244,1517.96916273622,34687.1594364758,5670.60348394389,2794.78592031318,130338.309182412,516.317050115544,9735.79819796006,15784.158516793,4981.61905388604,1135.62770359405,1263.94344776225,726.849585850586,2279.92652573648,1754.85859898597,755.790103132429,92880.0149681348,3581.06813204674,2323.26698537674,462.415694014902,15868.8258421265,769.430784359819,65482.7751890921,146429.197844673,11913.9140021894,197423.428922136,8220.28704946372,21503.0861865221,182093.698235279,2925.25425312483,715.754545400507,42138.7128444778,1860.95871924277,1843.74580153125,121674.263060891,1647.64224980896,25639.6748762704,1744.59823465991,117129.568187145,24229.573609764,1241.50010427943,1244.19874550668,81431.1903200611,202443.25848857,4199.94670957727,228184.579608238,755.09894481216,374.830249087678,646.178209751433,1698.2310095775,795.928544082087,7017.43657987047,2113.80479912814,1155.38490164396,6097.46444621596,1300.86208465701,1125.7032021977,161937.619941189,11.7739757809343,3046.71954305139,7513.07081158087,10.5325739683362
"bin_m25.mtb74",50.5579291706308,104.244994416686,18.5675546204903,50.6139078451754,255.09997977783,62.874486453528,163.31828373791,119.198088900234,101.056542158208,459.708846939692,166.470175421767,116.527382415389,31.1662924624929,80.1548622647996,110.866625012973,147.488810044352,104.024714870886,62.2515589117384,180.638010248532,49.2039256976393,38.0646644581804,131.305776947637,132.638709719304,17.0965792777249,211.150614435661,59.1799249878278,71.1383294385044,89.6844531771712,136.39519250285,116.96883656599,35.1778617127217,62.842147919669,66.2366079804832,50.9871992639987,159.25902322786,130.268024156602,112.071787477754,59.4182129166865,42.0095113320269,120.867876787275,154.494635432901,37.9090412655544,258.046142567572,47.160639274531,63.5068567814003,84.8756446025375,103.795966430156,239.932346876421,176.157871752704,187.779725648449,307.416248045669,185.287439489757,161.243496936667,68.2411956053788,27.5384811759017,96.9830339651606,81.0119477999718,122.501292665084,91.9427624138733,210.020274206497,324.325777484966,60.6193836754732,120.76012991796,118.456022900674,62.2699175893805,103.722996971731,43.5349511909351,103.723101317632,138.216612918278,99.5518905326776,221.085896458918,56.3653230362704,219.187723512256,193.288832462426,85.9183094950614,107.484449768491,292.603583054577,100.85324285479,156.082376399732,227.983999827064,184.302057080056,119.337677024101,131.950847865692,70.3763621008701,23.3427799931529,193.267689542384,34702.775884765,32.5252350275802,111.055911797044,122.035115433242,170.796388152252,58.6127558425625,53.7699622894402,130.115956871409,141.433145342472,253.500024206755,53.3598905502142,145.944391661217,157.854123462408,57.2761955838494,69.1710883339526,73.5427102614857,618.516567089823,111.053719706613,139.289663128609,270.806975133006,1030.4544858473,264.936385007683,248.600531346442,123.418086841248,205.240820321538,23.980625342639,9.64656440570352,27.449269533108,65.2636130369778,10.9812731939176,150.637502006852,230.615263782105,40.2728705352184,184.090319234977,212.073608852042,53.8391598547428,163.524415009801,0.243928955615012,80.9753024148057,137.324077190123,0.356689494281055
"bin_m25.mtb91",1885.29197183291,760.60427045992,1923.1195273925,1682.7067969661,1197.26920418289,4882.42152893518,844.296941712914,454.21442858974,1494.44868526532,1488.08224924066,1054.67787631797,1326.6749225367,227.410433848267,813.163945227413,2508.38949385936,1996.17473481526,3565.31756053741,964.735136764881,300.539894362121,2426.6038483125,917.80888246644,371.845804183558,530.567899961041,2861.79470984089,577.318183059997,2326.94120692995,2550.69705828435,2405.67636857598,438.18331505641,107.159905190765,172.277832584769,495.825463900712,506.166995568448,6157.48817867483,2263.52856037468,5049.80405859162,11097.499430048,5300.10753317723,5079.1314718874,1356.26328925505,7484.14773076848,10691.6632020257,1198.27933631668,10228.2648992711,18672.2842351098,11553.9701486082,1232.76411193039,124.50647407337,2007.76208545048,10377.0381874948,9413.90114331227,495.117978813489,42.9191562997274,335.309455848243,1790.38501663598,231.333436645058,50.013216083561,98.4435819399185,4967.13643087766,1450.14222762138,2958.05321896653,18467.6300770333,4586.18757566047,3950.38788837822,2464.44339016797,717.303907552049,2587.00616005665,415.43903003422,973.704315008436,7787.42758951323,748.401662840251,571.557864239008,138.106485769578,59.1623018438007,15074.6393614757,7851.91141859575,12.9402246289834,16957.5999446506,3468.87344174393,3185.48089032476,18052.7504932262,1916.89735911354,3754.08025300599,22992.5184522631,7586.3416853051,2799.26129453859,4214.79455522124,870.562058216807,815.108723499002,3271.03996003991,3937.44864433483,3053.2880587281,2680.7919951193,3998.73907123882,1718.73366272598,4484.5995325067,11137.322239921,2716.91088602523,530.821313750484,483.56458634703,28.1489844903796,1110.56782885804,1463.47299725139,1511.13464980896,421.983342777108,167.232170408742,386.264406052276,453.807021823924,41.6932751878198,92.8572329629059,129.344878299841,5435.16698470925,120.492119445453,326.008605813436,2269.14240012367,3658.57269481209,3508.2678699303,1694.91799507107,1240.71861095647,1026.27949918062,3591.70544481389,4645.12715347224,2617.57876441671,7.27072251441817,5954.15456404221,5219.64816851183,590.478751925767
"bin_m25.mtb94",2166.27792794695,1354.6738414076,3789.72861050895,11026.8001733998,636.462460652477,2610.73812237645,386.284342311906,300.994160083212,669.067800041094,1241.08166548729,632.920288626092,1170.33022281182,10484.4800574708,2660.10434814438,3827.03964684632,31692.2558064893,4416.81649147774,2533.71818029477,853.868578279471,1573.82036386315,2729.53523684276,1548.19971855461,1577.73432223324,2711.44617315501,297.096058192018,814.419830421604,1860.95490855545,1276.50991229754,1144.47136490509,110.660280313042,1149.93970510932,480.17604909118,354.156136333689,1137.73427175909,115.476052970279,346.692913898477,430.9155756825,590.57969414495,962.095141222951,58.5837908411629,358.670621179936,813.401529383496,56.8482465105634,767.724144556809,443.538904712977,562.692709106908,855.178498988513,247.941106231231,957.924076902491,1446.80777328988,585.102188277136,88.6914987518601,40.2094014360339,1379.70838068165,1246.61229278871,709.298146001337,69.3300976111018,84.1530098342941,823.666292965562,550.893780883519,3158.32772419063,1029.54452204928,439.968887055042,799.678971142748,797.470217358383,713.485197047222,1230.32028082678,872.465872653697,829.05703362705,1070.67408893144,876.83343625942,1489.50845357043,60.6410031596167,96.5384912568259,1847.40003682108,21958.3348095069,1568.52364515442,27289.0484683712,1448.22506025301,874.048397004148,60501.9515431365,38689.4976826379,3988.16838650015,31786.797821673,102517.52911194,96879.5687448648,39526.4756207646,3005.61627632747,1319.31407698862,3642.18315453556,2315.20176500375,3554.44302069944,3640.18485040534,528.574260725386,598.687954445248,1065.03532861341,999.926646664656,347.65564181876,124.81641350085,440.020156720634,8.38776230605409,1323.219690934,638.271832826014,716.964242505223,1196.33354953542,330.206150827825,106.091946153465,330.44651872376,80.8652380603398,83.9519532894789,53.1473878318724,1835.27566321065,297.518973154467,1198.84575757706,752.039979678213,5445.01136507564,760.130975782471,471.566316997942,1157.77432155579,436.610069748887,977.619043727786,1420.88756814066,1018.40754912469,30.5247713971546,770.513842411306,919.944845486064,2324.68997201054
"bin_m25.mtb97_sub",896.381582365074,1264.31605401592,643.280446711993,392.791388821914,528.041438319611,683.714511860068,1307.5500500549,1253.84700653665,2884.40805265522,1458.04300820749,2109.29484060915,1327.20349295539,334.091687767925,784.718016685158,518.929591605906,5729.50411896333,966.134324942773,463.080877052809,326.245796210702,558.821828112513,381.566599644487,844.820503444868,1007.80242710168,452.579564120571,344.494458280007,719.270513932779,1344.18116030754,2029.52308628169,232.055771082394,962.797220179049,3325.33890348698,1033.12467770515,659.362533103469,2466.00699129062,1123.15780955119,986.235255290155,672.931770910617,768.028791554713,821.817172556073,6563.13088049943,4641.41001770039,205.030019564158,246.178584066615,305.131614545464,303.09338392041,163.886972310618,2324.78750002472,2376.48279325916,513.725932025121,8721.4543677219,5260.89467116957,3845.60033794687,932.829542778826,642.881243828369,836.434689584374,1578.09877648831,1811.2677572654,1297.02926958993,651.319066698276,3983.16531958689,342.173224852761,853.842588035575,574.730757217429,1582.31679688644,2644.13773160406,2030.47912810975,1410.06251487582,1586.65655350564,1586.70335802804,2208.40615245464,672.062327881006,908.95256499883,3481.60768664662,813.355824651233,417.11883798645,7297.63815784055,1739.1946162542,11346.5697076384,2700.49908343922,1604.49191329165,2066.70800990429,5904.09189772027,5554.12287309173,9413.0571338761,4081.6439790777,461.347942617794,5322.38362762911,489.932555143756,2832.80177268589,609.698971649147,364.589198067843,547.677155617638,666.113591168889,460.700781953044,1799.30334331834,805.28719471994,743.734752368457,336.88850457257,2568.2091686408,464.0104742372,1086.11980004183,816.422240320597,1776.9864337776,1002.94995203155,1044.33066455992,2863.87395505587,510.969272075354,1658.28930484714,768.08557394213,1201.08173596368,947.453876519522,1000.99582632554,1150.19484743021,278.747517981501,2126.77190878183,805.086724507753,3264.55458009438,1467.21425534636,952.221884914374,3740.73406379355,711.657444800929,293.929093468721,1468.46750993996,3.78751156253955,849.79420230368,290.187320019826,14.5381865330492
"bin_m25.vmb106",47.3758746905928,104.818440641278,29.4117093348645,38.0750518206479,199.069799436616,38.6831909177871,177.215474857874,152.865391327623,87.7713135552196,104.814144265886,148.134835497473,146.494019189987,617.078885043976,89.6344813033472,120.202215609315,112.007986476362,193.913231810549,86.1981785583605,235.656646551819,116.41004114402,220.152687654807,133.493679978284,157.82770059126,20.1276357645103,179.008171246512,67.3069488633324,86.0389402867142,94.581780171438,219.646383290373,464.96294801062,535.811110170764,476.863602841789,590.33283408652,71.5553415143847,156.469985925404,166.439719237521,153.646219645239,109.288240106238,66.1712750763201,135.726794795922,143.912957165547,70.7850690348258,354.162872496836,118.068180222092,110.088388357671,186.605217537744,138.963135556121,151.335696289601,108.58192303844,118.891484570064,104.852363336404,262.136275129198,243.419115259659,109.115042456719,63.1299737397622,147.3393852599,89.5030287649906,218.68542504632,104.211799973221,233.879687995474,159.972207362028,69.7922803650044,137.172616289687,108.834956632162,82.1483039465159,160.151076580033,97.6162218810746,114.860951123889,134.805304153261,118.308448652186,85.6012015370465,36.0087586146742,273.052528885425,288.378301717146,115.472828885558,64.3052321251371,282.290281121046,86.9976709253324,154.115779770313,192.862460035297,116.605207783324,16875.4889632935,256.723795182367,5493.92059591467,398.222755275755,156.794440924597,160.793600294969,38.2665678375136,161.219244509851,136.716064975808,135.293246405116,89.4270713359225,156.172343919669,114.116652239328,186.535073462597,135.123588256433,28.9139111910611,159.127676446828,154.492591906612,91.7016510113229,147.234912756317,55.6785656341482,143.767151180885,66.8597737253131,29.0248636973434,123.628500359766,195.756935730088,164.922077916972,227.517945394692,143.851579482113,281.520558401768,33.5137747125067,32.9994839234562,60.9417124955413,118.543013520488,16.4111322625029,233.150526703439,290.351636941058,123.691313522827,306.849116563442,6226.97416269027,77.6104055159517,160.017741969304,0.296842459633604,119.898024046099,198.096073358268,0.217031607709098
"bin_m25.vmb111",1712.92857156092,1949.63085789329,870.646681129058,46.8918664328468,1816.99327553819,278.136154663651,677.207855834626,382.087020807919,480.549659226548,203.388881297308,602.296846583067,482.747406799446,798.551954462227,773.037127842277,384.018534416223,6059.85436120795,974.487565866836,152.42624323717,2388.36094137265,960.417240037431,519.241574936889,1687.75742054309,992.651994176011,147.263684208718,997.073640457666,1265.39317468086,585.972220205886,1643.183112268,164.189163212045,3661.49036102733,1547.51639004741,3369.31721455944,1684.1344915695,3232.84975820831,3084.48497734042,1044.87245337566,934.689864011528,3860.72373129643,582.993986565872,4477.72737030338,2052.80137934822,298.239041582416,1317.18482354105,2819.31351001044,438.512728148918,2852.64212214048,303.232905336728,314.960179215163,603.696378838398,171.425606261991,188.784872451863,2286.22264317201,193.488632435193,74.9398599391363,69.2441091784886,195.329168722092,104.574273635551,141.50750749806,145.044809050142,276.822214325625,1077.93584834759,105.093448584833,268.105025203438,207.81233046803,983.185315050569,491.349402727941,1021.04447654994,840.840217211785,890.054631816518,186.160296573638,559.950789602565,434.57496930694,303.884174916267,247.177906030814,106.41775291923,5594.03550538023,16288.8001368532,19611.4350260094,842.108038260285,3812.69574253324,13189.8107112529,4584.02618909183,44849.0446247519,10716.1520278184,1407.38674197042,1902.05774745152,82.8905689769964,175.658950188975,1159.42606547009,317.686385349506,182.415442199667,155.387045503236,288.872973536839,613.743715903356,435.074722921453,2152.33985668778,131.176061277151,371.060707553547,92.7132916976298,143.537275501394,4320.62327964756,599.628913821016,744.075885295642,209.415248138374,142.561503616778,361.069316267802,215.62643882346,425.357157145093,550.015837127133,106.143213785916,819.237851482997,313.434419859251,275.642888910043,1462.08782125319,197.242371301022,119.63587805235,292.66175618648,348.989943905216,419.06212974771,562.891157480083,246.296275632441,96.5933327433296,3991.07820409594,5.65904753563745,420.469932849406,1290.22667718772,5.63559020707299
"bin_m25.vmb114",430.600911983184,279.542005854913,86.6178344830211,175.305003012923,104.940731250045,114.461140105247,784.327911229,218.673819487686,334.529622812721,449.565629122397,579.937198118505,376.346659886444,289.466812603893,91.2997102159771,859.862220074996,830.24112105544,283.713473135928,101.872231362981,268.132254073345,330.550973399478,273.553976069428,271.574645643597,78.0867864037736,501.261713240949,253.329559636771,643.398321557931,780.252328609251,1121.12812473275,506.050933424781,611.83908582529,99.0900497630537,96.4661641410114,118.631993693837,554.04119240826,319.561438020275,297.318537845701,152.907720995673,110.427885725477,574.281604808567,724.92858092274,201.975812236959,213.888876119419,183.783613897274,211.692843690827,341.924937922145,446.292321362074,855.718273549492,452.301426413469,210.19415229365,660.49805958998,1808.48659332355,1793.02267983696,190.275791848397,132.4421085069,121.722364942035,123.004265168773,124.632027690354,125.674469197387,70.0503355999964,250.008282847263,63.4865756521064,101.348305357923,151.985344551749,799.806398840998,1091.21547567529,1664.1471778666,737.411156664775,632.55521445357,666.68030076731,215.362093900396,260.496160757395,72.3227250722325,258.091836486816,39.5263078672604,177.92432418052,779.164609126722,924.241177784607,6264.08996292172,191.822429864573,877.617261187626,21.5836465735772,103.305271882062,27.4299948745837,28.1990671365386,17.3673415018144,41.5144025492236,733.007205693721,90.6564877318898,966.005508657826,449.220702669326,348.44603406776,208.367718154253,250.311983598233,36.9286114873735,19.0989894108498,26.6860257342736,124.484344529055,80.4573018513924,273.521417314477,820.354837739048,39.0900037821912,279.49923912365,291.846994746996,772.385556719551,318.606632400325,625.42568577139,315.184168777475,182.56103117966,119.314057360969,377.172415507937,33.0841865917385,32.2630704546685,83.6127739446288,16.2033435894764,230.15896523272,10.1896601545881,361.34105411815,262.219389398622,297.174872069309,132.115513682194,105.18380406987,400.886720712944,920.789101050946,1.56383621786519,315.947595216939,183.197313317778,516.662032045536
"bin_m25.vmb122",155.328620767688,113.124498634177,158.654185728232,194.49404583313,78.6432126072448,223.209868400046,31.6971509646112,35.0275169217789,118.185150589871,145.801762298486,64.4139480237156,112.870026500099,81.6572494861999,148.733931125458,153.603047187756,88.9695299637218,189.153452795703,206.750459796414,80.9267955182589,179.10219132931,190.675811571781,109.806993191076,151.082318096621,272.941466792284,41.3498697015516,113.458929576166,227.832442122019,114.801419227984,211.51672152585,15.2225046206969,29.7251401230668,36.4303244755703,40.034556347768,118.468954140645,18.288454093742,53.5744760859512,71.852952690755,97.0014187470064,176.513381333284,7.89763863437076,72.6898302897972,119.575417327743,8.91366663422506,126.422537644702,66.2602149666588,78.6745897711375,107.722970060419,86.6182291779187,122.237162421068,183.223814396302,92.1123765184845,11.0822635823283,4.08449584683002,98.1705488544681,129.482542234694,37.6046499338478,4.72643064999384,7.93257406566087,435.448407750022,125.380501995194,167.120057941639,323.903981955776,83.1129291805508,249.938366513177,81.2099461002955,107.746722143457,145.953544507851,81.6749385523622,119.133575051264,86.1390905661566,107.350696607003,207.807552446171,61.4337884157878,118.602034931538,199.492102151214,214.9880370411,11.2035091485254,601.080978560072,91.1996639200655,50.4212184843199,19660.7978825128,108.455536760384,295.554262593868,459.831031400537,4158.99744336437,16145.4207838277,65276.3869437864,498.551094777043,105.7970145106,253.751070552433,158.271798140895,368.314184376317,164.133967790434,80.6371277493698,119.906320394171,162.498145371737,167.475862085497,58.6743134159966,17.7422583161981,49.9957167954541,1.90605899478059,110.629728797448,84.876662447652,83.5445011871297,199.700819839722,53.1369175763128,45.407199707195,38.3655813935549,72.4194459466538,82.0666373959494,7.59449949152199,226.068208236869,39.7121472933827,128.165843586647,115.371968540487,250.87133135095,67.3793946201111,51.4532880762923,141.693971151549,29.5234344719205,126.957603310046,240.12025510936,129.560562501509,0.52351214995166,120.269722202984,110.641229337063,413.888464519939
"bin_m25.vmb125",669.740681378696,1514.59772975992,321.203171649349,210.627761019574,2137.90173698253,133.48628054897,828.792928702357,1636.40018591267,965.495170654033,215.093788192619,559.827808253271,1336.03013012317,479.469233157791,265.030265184348,1622.0547395436,1435.45833282809,1079.15790258048,964.073982009588,3179.9464128716,294.903912684241,552.864381973549,1309.09257331869,2039.26133788364,196.952634912663,4488.85181042617,702.670183516898,1065.28057721811,1067.77570499349,1602.87383784536,2668.65365056357,1446.23204421551,458.335685278904,2167.23601745635,1090.58914923468,1836.33770170941,2519.89505982351,3063.90885330461,782.20314778361,379.794675725437,1532.86225995556,2033.67273226228,1235.25639668083,1191.07598483221,2340.50375647842,4536.74740265598,2437.3885106917,1025.68729088163,2336.48310672303,572.653643384941,532.325313284204,227.377912807881,1972.04834494708,2179.26401578704,1028.89859992526,487.208986358707,1857.29187389981,1368.18204038544,1901.11229923793,146.179488446242,3057.3157798596,360.779553902295,730.58108295641,2780.66496080249,1186.21992078833,832.489882138856,1492.06724478558,1170.02404793516,1279.00363715103,3727.96865350722,555.661259372549,871.543580531352,264.000668012102,5004.52321444074,1069.03976495138,588.310197401526,9580.79244053926,50109.3856147159,6971.66862061423,440.077091355327,94829.3443765309,1556.42654422746,15504.6350851579,35356.5900331803,5214.55124530434,446.857473624797,2859.80493312492,262.555737499036,369.180097550331,1341.26736537956,352.80034331373,2589.98234222142,696.357273781034,1264.9329505646,781.142888388653,2505.92806331234,2703.52561033691,177.604866308976,3807.39618041642,593.480809306683,800.073306776761,509.089714094337,490.456107145647,1010.10337211745,871.881446634224,270.920477413752,726.2066963732,453.491372464446,492.176944462741,847.795217803102,580.27015275778,568.147329293949,175.244013664813,132.519088017149,1158.6529178404,1332.85799700913,259.756032583477,1449.29032831102,672.468944566746,382.122675489062,3887.64258873426,2488.15120332188,2562.8003711081,2310.45325287609,13.5845516995498,955.854655395112,2417.07918432729,8.50353364216842
"bin_m25.vmb13",0,0.394515323594892,0.731346521695224,2.76899845072601,0.396252269370863,0,0.309912478155995,0,0.189394413124932,1.70717263948902,1.96847347083677,0.869396131531274,3.09086245834591,8.68704525064059,5.15612154891339,11.315100754334,0.583475704998531,0.170913643787756,0.23403031888787,0,1.53907330771616,0.185563198998191,0.958168726455453,0,0.190788530797239,0.317334551926319,0,0.616749644151239,0.253601755461842,1.19780948189122,0,0.509276092445223,0.117219610814208,17.3811621650301,0.115985940569387,0.112102782463552,0,0.777234986129027,0.320551032086352,0.190772803425145,0,1.41417292413066,6.15365878192832,1.79636583117676,68.624023420705,22.9393544655972,0.788170343936212,47.5315892079576,0,0.128177543401849,0.126507106899207,1.07079829289536,0.231349506352331,0,0,0.617688714164063,6.65448754551689,0,0.626323517632616,0.545799267448983,0.90821858412061,0,0.812619843275688,1.43255107077828,46.2994849617937,24.1705289567099,1.13263581955037,54.2574176093804,41.4497592199875,0,0,29.644144045773,39.2506194946353,83.7518310693338,32.0773956059415,0.401473782674444,0,0.401733567877386,4.53352064619317,2.15119967406303,0,7.61934514533691,0.402214824517293,0.275661318731139,8.68709914005136,5.56059679656651,34741.7873655722,0.15227092734137,0.293177046977712,0.883379629743791,0.92435569564757,0.258929048525639,0.648710676567069,0.315741160684745,0.459105927442077,0,1.6423492892833,0.136705823575829,0.157530730116045,1.07115996959281,0,0.555036174138009,0.323098997075105,0,28.1667924431127,0.155305972869995,20.9542002941659,0.538621938265476,51.4171410239424,47.4993899480116,0,1.6455087442901,0.08184519080128,0.287993734628402,1.0285393759064,0,0.140096772294419,0.368531034207062,0.511151975670062,1.2694968601339,0,0,0.565995653651984,0,0,0.318279744374988,13.2029549833042
"bin_m25.vmb131",977.755058438883,1084.73982830622,949.04379742859,2104.07064749376,620.19034626979,1944.471569406,195.170379116769,262.698145383131,642.449461497177,372.965849062068,589.431494091533,864.396395479296,733.35191909147,567.907515389261,551.039869627547,11249.1886239258,704.29975241532,5419.55377056534,958.872651466991,774.364070081466,2055.37329432298,1559.59321888729,2414.58672778834,1324.56635952588,433.204699224663,409.400169077097,1255.88669580077,385.183339594043,1019.11161381627,73.4635355687868,341.851486588663,348.278245263951,359.20265524083,1244.45951030804,74.7958933708941,491.045889221608,337.46819769736,1043.53749814009,997.739819681402,197.974082688559,1253.19954056835,715.795339819706,77.708337478686,1229.63692857817,137.644228566578,689.33231627267,1332.84529630392,101.116147083124,418.65502487167,3425.4320973776,1147.97681272127,103.031628325286,87.0877319347296,791.82718332128,898.589562586938,1129.9260601917,8.26994834168491,28.9545786242661,854.373496769042,1139.43438444055,2259.28012570852,1539.90462475508,421.827858888397,952.088507571433,543.058994273509,956.153028281876,906.75377094149,631.265075837424,306.607337545737,1211.23077096943,1225.42243444161,245.415033122697,105.655051574236,107.215444411003,3274.24940566017,23234.742972175,116.758773775545,19172.2575690056,453.60183279361,1488.45078568999,76307.4665153222,10549.3854709176,8271.26531179431,24924.7634310914,41921.9679662732,10344.3636464751,43324.7670578053,3555.39007003676,1057.52434676921,2445.25536588213,1116.28145991409,1261.86881429351,753.924282852099,507.135884620659,731.283700493188,891.195568438347,1254.92732028231,262.892928034955,104.247338577818,422.580291796357,8.24170034534589,594.340311587502,1022.25582885835,798.388777068744,2106.00329357182,584.347802661429,166.782171700109,343.032462914451,90.9531189997913,95.8756410503872,44.5839285038285,1652.22609908975,344.503782622226,626.528351723061,615.448835337305,987.765864794255,891.612483249227,304.861943195916,967.63965736418,547.391304288708,1108.31772423918,874.969436860518,327.63917285795,10.3186679806265,370.819423297699,496.785030080297,837.60677052985
"bin_m25.vmb19",170.680482292387,544.227142847154,84.3417082478016,102.324523971629,263.903338297579,860.483648939659,392.590100539639,327.911254123538,203.472640894745,179.375569331521,277.703111243361,343.040800697508,151.906456943246,74.0990047064285,117.942939009277,100.486436733857,276.706443476252,406.046900867972,848.616529865535,250.194868000549,196.930816962635,829.824505486475,707.41488557249,93.371669376066,1133.77438567328,363.146132333931,272.591879146296,309.882346076856,378.210342722472,168.660659278568,97.6071849574759,189.514246560859,132.922175076589,120.963208905462,225.900282475069,431.391160466176,445.202655723633,173.902412317193,234.163650153909,508.467201544095,3912.46175012312,99.692871804462,447.147996054692,191.89914744288,222.870876711879,424.978009024586,309.6193805931,404.863633054434,242.031629345658,190.7006242313,439.259541890334,456.232387775092,286.46023002912,145.652716505679,151.06930832753,1274.71816657892,269.622594675264,876.386967305452,2983.94335155792,471.395559478824,4956.47018063927,1139.68859409792,2530.79821200166,4285.37407968772,220.101872291325,261.185632978366,90.7195258987438,248.431308126204,197.132571449044,5982.92178328087,405.694653885578,1279.08670422763,10758.405413515,758.836192942059,148.858437071167,125.596376245093,382.826416697556,220.220361452087,201.979051770346,420.953918261066,354.932133768489,6067.2909271159,853.885519474032,6789.35131075394,741.249573088423,1421.93182728348,146.868633171666,579.169375819362,705.044415431204,1100.27888362914,1998.17755102435,491.03746794819,5578.32158744129,352.288034993883,261.287051044345,179.821044321386,528.373972677715,484.872821823145,845.414770077346,1148.74263397024,15552.560885096,714.165128078049,984.763912146517,386.232932823507,1059.362103966,1368.95993380567,287.435482654081,1901.36389544817,793.209602655141,514.035711862642,900.994078078209,1695.41323541024,5965.37769873798,3917.59003479014,1280.6211671021,208.355791649341,1090.53883385082,21440.3014117885,295.530950005592,499.221606583295,1564.2094189406,214.857458491011,721.840452810348,0.511705755393213,219.749216276657,707.399953171318,0.299300370719379
"bin_m25.vmb27",33.354557253603,22.4339274676768,4.96569246505826,9.40046498796245,12.3313273011802,13.2689153286891,17.2284812641881,11.7050375852001,12.4576320230344,16.7660614198793,22.5543318881246,16.786715749647,27.0869949211502,50.2973609336909,33.2585546065972,29663.1469052781,26.2461302154707,23.0643112233711,52.0403307179148,14.3105372822357,27.7577891665236,43.1528064966564,55.0279592770692,9.70134777659973,59.1033040970832,30.9344217508611,23.4927372888566,23.6861308028586,91.6913752675083,1720.86658312379,10.8104077051873,6.80770110046225,3582.53159035585,7044.03046691029,409.01855392567,13.6056427035509,17.2609995370228,16.0516831726802,22.1728449672139,23.8012863135719,13.2096757571532,28.4057489278531,73.6589211030094,35.2187062115825,79.1288047866586,74.3698771665264,33.9486703061885,18.2880171732031,34.6396497221697,35.6822654456335,52.3963914520638,73.6138142809702,38.6813333151036,22.0262641300321,12.8001217692733,30.4063501288083,63.3811497396015,64.2464921297992,40.5769667379105,85.8525338507937,34.3018092394185,53.613036802981,31.3809041168961,35.4620260145863,39.2954975498379,32.4725802259322,9.29252348525477,526.982464313454,18.8945832905782,41.8719041741254,14.3311248135288,13.4746537981937,55.2853282527314,25.4968809106395,29.5983145997907,3558.89876495492,82.4028541550486,1617.17820126454,27.6031304739407,11840.8056500675,33.7485620351553,10273.7756990924,479.624135958319,3371.72113049375,7443.24760177457,32.7875048294772,305.986456283844,9.30499450950313,43.7934607169196,23.2421182492502,23.7318247569063,16.5918326720903,33.6952823545442,22.1081184022992,7.40343270285329,7.36801903831299,32.8562552102248,14.6192197026703,18.851722170159,15.7580710869559,9.81135459372919,9.98674088804402,17.1388729518224,11.6715325809802,13.0912938520524,30.5803727987557,38.1803636939348,18.7428024304696,69.1310519809665,25.7560938707621,50.1436320892909,26.5350816056396,29.5222006536782,20.6541050118895,45.7205652187661,17.0042708502218,62.781065816274,86.5361432699062,27.1141936353513,70.4654145979097,54.2971674156668,66.8006788177477,73.0168875016077,9.24450913134462,44.3090917125029,34.5768640509306,40.1981127837977
"bin_m25.vmb37",309.898050135491,224.848878241322,673.509117618931,571.287847599672,134.503078153925,428.383075413784,27.0967377314755,28.1273179193106,81.9007187653455,112.753025005749,63.8672367679419,76.3392085925865,101.379913805528,479.739990234735,397.301950158877,2622.22544565291,386.466579464688,261.321080883165,96.8888881987882,367.289769081987,285.906083813241,161.87464209435,278.61706146179,332.589977995562,34.1230259530924,235.019537444032,260.296037643205,187.583830542484,158.813843869192,24.2427534584695,74.3851452836725,236.657008797045,86.8384509701332,754.269956828817,46.9782374291153,39.0944633948241,57.2215376880647,69.8279313273615,300.151372650236,15.7770344565085,398.777650655269,7100.8642791228,318.413303822969,6885.87414849746,70.3700050757226,4638.61620500533,144.009464881577,50.4385697082939,189.777386048689,192.275311474678,71.7229279063762,33.8752274322319,4.61030218811788,156.168519265475,183.817064191873,104.320627041305,13.445154459756,16.6923522691029,142.182715126792,91.4542061286942,108.70627265981,189.49300255931,65.7872318221696,126.918259246844,246.792738733968,112.0275461516,643.085862690524,275.761562429839,161.095541707436,83.3534673042641,172.632301618329,240.25259898554,18.9997897168711,46.2601971664618,223.608995798186,4943.95894911168,11.5919485837209,1313.53409561814,239.900997130084,68.8963193819995,3121.72800816843,2704.51146490376,2695.74022977612,12202.2921194658,12808.1649075366,272.215560182726,20376.150204816,318.539791528407,100.890827456882,278.948017819431,134.699448075306,247.546376931053,230.237351448923,121.436523500079,114.133798092233,127.490325141082,233.073804389088,91.1263453844538,34.374803210728,92.8548102320557,1.4398033266344,191.128672162598,164.669083319417,160.172159908939,235.505489621728,38.2995950078494,21.7546520626465,57.6930265636646,25.9540116871503,29.9087148347742,6.47376402358487,228.378990682268,45.7903271088049,154.381812442671,92.9392518760596,203.096462397908,84.173669748134,55.5086828865478,145.407556435558,91.5800797010477,124.276679406473,229.555171378428,195.128189466926,3.99845748484254,115.269577095584,136.842380499102,352.897122828682
"bin_m25.vmb40",0.828953219143001,2.53609799171122,5.07749038049146,1416.09485995851,169.240203878342,114.999228333176,3.34695981534233,1.66230077007686,1.68015134423459,3.76264111740445,1.32868189989873,5.36526392070985,29.0553365768915,121.173193686273,695.261169584156,1112.95087878571,836.167814929421,5.14191318537659,8.84609510215696,8.25062473175049,20.9253066717861,3.57861731726849,18.3552544601048,4.89864915377119,0.883053291514597,8.35796642056731,18.6953714202312,319.951828073995,2.73882126231721,0.461999122436567,1.18271045957265,27.2054846127395,1.53720785901819,4.75308093723797,0,0.086476836097649,1.54313571816488,0,0.123637604943822,0,0,3.87876427086834,4.74697353795559,7.06721593983131,6.79075611206244,3.84686335768673,22.4959953501164,1.95552990880608,11.0375032884483,15.3259371991373,3.41559499044867,0.137670160712352,0,0.224940472800168,0,0.476489204998103,0,0,3.86520120112298,2.38585482850295,3.32787797582562,1.33301116395108,3.44773209895331,2.76269869103121,2.7473640257484,1752.74728844618,23.2992758902433,75.1451734287941,1.61296310056716,0,0.372159407427875,0.669765007397514,0.966325224668599,2.34082328226931,0.634479935721293,2.47759648700095,2.61075620609994,2876.59473722806,755.088536028288,2.96330324118513,2574.90414821319,5247.44963535412,369.222734555148,3132.07743909421,12374.5219776248,13525.6383956072,0.86699121520717,13.9780745907867,11.9864129394678,209.09002675789,22.817733292765,10.0868497829336,50.0419754260112,1.09604179314747,1.77078691386523,77.2631122527535,0,0.421823146193707,1.09368232851095,0.550866642731532,0,4.36721788955599,0,140.587522938342,78.2468541465909,0.359412198316248,1.92161939933693,1.24648969589472,1.83263818563361,2.71417385671511,0,2.75027230822058,3.59874786960301,3.22132424699857,3.76875522720398,4.84612372955893,8.21344061712683,6.44384556634305,2.89157771791075,23.8948801760361,2.86923086771183,1.22519522048192,2.83798341068766,1.99002959934049,0,0,1.29331400266557
"bin_m25.vmb42",27.2001714463356,301.472928491001,20.1018962201948,22.0150265272442,91.8121991909682,18.971247296848,8.23670250916798,3.23071462723538,0.258134986035258,1.99439124274295,12.7439154710319,8.59083576239517,72.2035279602183,4.05479533978232,49.1927264086096,273.250159558046,310.146647337051,1.63062643861091,3.5086860964535,1.37200028728027,19.4035299522033,12.392748532516,27.4246436396029,0,3.64049136870601,0,2.34742764019569,0.630448879748155,2.07387803656523,3.06103802884748,5.30451072620962,3.81764626333494,15.4971456857102,2.75752459407056,3.63590804537909,0.916742464836728,0.45441136021245,0.706221262391676,0.436894810284694,0.52002732430732,0.303045048107116,2.355767359288,5.78422416181246,10.0382578899015,30.5407561989816,61.3651931136259,15.0393072486061,4.75076411719701,11.1893629694002,15.7229545724878,1.20695942471505,7.05397837670368,3.15317651699311,0.794865973293745,1.94224807864289,1.68375682232716,2.35141128858117,2.53702016053261,0.853647210654524,0.49593115923668,1.23785589902426,1.30845137611473,0.830669745353999,1.95249450365896,1.76514269683231,2.96644982362209,1.54372521680355,1.91801438765228,5.36440793103702,0,0.164386185111059,1.69052158509784,4.36319828314408,9.92604356205441,3.13886206208292,263.96369281345,2029.62265674765,262.45536783357,20.6860796914856,1291.11663010374,2915.53106500869,796.661076870975,9471.22410945808,1108.72731046432,258.048776199365,1837.263487385,2782.48686803567,1.24522533862429,4.59523274370074,22.0733638238367,1.88977494624037,0.176453584935473,17.6831954727306,1.29101759802729,0,2.29579107500401,0.319776977471956,2.98116974222738,1.28823840622391,0,7.87792878364102,1.36167511413446,1.54128645099157,2.3675469586874,2.17085803568762,2.11674169668053,22.9674405098078,3.67057201472801,20.8155318555218,6.29409482851832,73.9126581244143,1.49516334623179,37.481084562528,26.1026374524793,7.88538960013631,1.61989595479759,2.67322720181451,19.4218460278767,3.94782067171403,22.839430397618,2.70371262568867,0.481048746057641,2.31427016891617,2.34403765386169,0.182917947881294,8.67598320499006,1.14253704625274
"bin_m25.vmb48_sub",235.424423267943,179.579998584524,250.749898491978,398.670146878232,122.572314345309,292.013806682902,320.796736322204,192.167725599336,724.836835929905,689.261374738629,923.631059640229,989.846138527216,98.6281979362651,272.276819242068,166.150167481567,563.42891111269,221.79228810921,530.404750698301,197.166189774248,1522.48643573003,586.197681336381,276.547037464137,443.138245101856,339.612071494433,53.4506470395531,580.049243527084,843.075542926417,163.945464771969,444.401902842054,17.9233928859566,93.1908726966281,380.898941356669,100.642010571105,272.305586489382,43.2283903734006,166.786183073527,421.747941166308,670.182555456674,1028.55928581887,30.8011549971352,360.88759902362,432.07047509411,23.4802978715112,445.980063256489,90.3657592313956,93.8797922712599,879.874532125805,115.630925266624,694.775785173193,1689.56444053667,1293.72071767597,95.7781286179431,22.4580163771615,627.877528192997,381.731565746833,617.013148036426,47.0444223948602,42.1310452424239,149.426585489131,114.93355529869,2349.60380312821,187.157466797671,96.0507573161459,167.284417218434,325.209853208077,2541.24700993218,4405.76419794747,501.759763045034,171.053811156153,285.144387958875,324.855776582421,712.44710473998,14.9815479526314,12.8206493686223,1238.14699381436,3144.91162216726,113.945693414231,3104.00181824324,219.2998792544,381.094953914653,275.30875530144,1752.47079476221,2574.51543787175,10263.1848866618,9001.47122076312,13837.4169108905,740.41366108672,758.913588601575,1044.0197918899,3981.89451972458,470.738437537707,1089.93312397103,998.300309965179,173.57887573194,126.774163148822,290.467432987054,334.789886943346,130.024158722926,53.2451514842113,199.163676089545,2.05928061742266,1190.20803499263,319.251650444188,287.01181643992,551.380938076502,440.880277718454,70.8278321016281,211.041081660488,37.042520825151,34.8409784183901,39.4764860228,315.126999663095,48.0818884226351,263.270966178027,160.177846388532,1634.88635118487,198.993243125819,149.524956666612,1476.46026742439,183.639465828332,308.432731568539,338.536563714258,222.905285380986,3.17177094081042,326.038775119933,420.226867975576,25.0872500281283
"bin_m25.vmb76",344.45452277361,246.991366471821,269.953115226944,438.367921304396,175.940534676321,571.512839818753,77.6357735054859,160.48704813685,308.035976027101,403.749739462765,139.445772215018,349.959441955576,103.894493342911,523.283563657147,512.696297161901,1921.25821087634,984.97275559992,899.422473807269,498.473085884129,325.186105147986,1263.46190232126,288.868969712952,418.790394782499,443.264316051814,182.565185607143,138.005165247358,371.052382619174,431.799022511351,401.01771236593,33.6405511651562,62.9333199113429,181.086824550662,126.158733866447,377.320784742269,29.7244329108782,244.508031292567,173.645408238886,230.500584647452,584.692885727515,20.1876722851903,169.049548716433,251.14781317737,21.6032345122532,434.599691638231,557.282315334562,413.948367078077,647.274842222325,68.8123360153297,341.853908990527,791.972279305777,1410.39810449817,112.50686582542,11.3705633412455,733.548884196964,573.055162892733,167.592376914363,14.585461952854,31.1179003895648,331.179911218902,552.201957786947,382.952218004051,795.573662213076,254.103829342406,245.470921681045,277.828926585441,631.204596771029,565.766149432647,328.650755244751,282.578901157009,521.345386871429,545.727403579776,605.756542092587,55.7041597496991,103.790339464352,508.197506764973,4034.7462784608,7.31980238592595,555.069103370129,531.242428036496,348.242969998386,868.814203290523,1409.85774107333,4082.37592345438,4841.42378501675,6425.54186712646,287.240688386196,50325.2312876651,878.904952537633,289.142043354842,629.252556870194,444.806812006237,762.005681795839,609.558304497404,299.20264357264,284.35913632728,221.070575994334,518.440963035785,225.08431245399,119.218006255926,187.306174084245,3.38194439455645,254.477760909947,907.020371159569,254.964364895902,555.587687410103,120.883549689345,69.5940901513338,157.215134666591,69.8708106890075,73.8918282982696,45.7923278463174,603.466828331873,211.268458105002,593.119490796024,569.542969197426,2389.6307586808,465.129032337486,2022.72796728178,573.930278403074,391.428838280168,5047.4940586246,1639.1969812614,922.820842305737,2.44382372885452,413.806970415295,399.537160883841,1464.40957272021
"bin_m25.vmb77_sub",879.100424437267,4916.08171753525,298.961043692414,454.684334292973,643.805512437185,334.187338202851,2509.54885229563,1583.15060288805,859.280076321169,494.422657644819,3435.53777120785,4572.44382062966,366.06654289419,165.136935615722,974.397415600111,454.434988620087,1343.18007455183,435.389483641096,3243.34323597841,462.394957887116,642.764915180565,850.545696997766,987.207967198641,111.037707195368,1803.15704809679,461.38047840967,1311.68314248291,359.090878646472,1012.60112389095,580.817575214225,227.706172330903,1527.01484398326,1551.75157002064,605.096588020661,525.535589540255,637.846592664104,724.610657786614,346.696556201573,186.218486321616,742.260906141535,331.310101982051,326.666030522543,1128.82803551645,680.981086595888,1312.85957806109,996.828601552235,924.779635378861,2366.90155862188,276.113337532599,331.692986710703,384.084066548214,766.914606137321,857.859299476387,189.983069486301,176.042901728007,725.787536879411,1005.59801701591,567.319932079509,886.182574450821,2090.91042359116,2549.80868703375,783.425488367899,1859.12995223507,956.507736094891,433.665715083779,183.503440758062,250.248846957234,362.816091458931,625.181609914986,370.817960624511,385.090025932424,87.2169968290089,1250.55559949159,1932.90179333648,102.022753443221,1028.49018577921,16135.2378716894,3403.91948507464,398.57714527133,1675.64449697156,2438.80625995693,4287.83910807421,10259.0221365404,9321.72431618708,411.735737383465,3155.83094040287,93.0392037569241,354.906729958461,515.338203606568,263.565761857999,1396.77661842823,695.842150481805,397.236286860766,909.933001430698,134.266705709561,223.124222785072,144.75957572919,427.497407650314,547.788460135607,1078.47308737957,1047.00173777962,296.962303023327,1490.18535236021,456.698032789716,99.166453828788,1249.96530329708,1510.7235883435,1951.65187893417,4139.65397214248,2520.58695221297,3599.62917303674,212.582400347558,65.7797789525608,114.323545977785,580.617462714304,56.8674067855165,716.768585771824,750.578283379242,170.991858726113,1275.73293121666,1621.1616551381,640.353702919189,1123.40343474833,4.99288977423849,373.873278527218,2308.17395211695,3.26621120928515
"bin_m25.vmb85",43.4835616644987,112.126332049771,17.0001981862268,16.3678722838269,45.9595929897952,25.3312968900369,78.6491571413468,110.715910858905,45.9310872794187,38.6897961131114,95.642182724683,128.859504568339,66.5246415838019,54.6961649151769,88.4698353309642,63.4731637891394,113.117643426627,34.8959782739898,93.770762471035,43.5422384749133,31.7188042964491,58.6092698522031,46.9946217246933,14.664429307814,62.4542522293164,69.2018657463669,55.0706742407273,50.6207450915226,55.3035102165244,46.7879913483531,47.5375425347589,78.229466489335,51.6865027981713,45.4427618282383,86.775534473379,74.4140961590541,70.708527685344,30.4218917534025,35.258912649034,54.7686870263497,63.0867620580434,42.4744885453944,74.8518042370683,88.9373434104851,132.423414299805,169.900531635609,71.9621475509016,113.980568334626,82.17960203984,35.7539455163476,51.6587108673683,60.9011451513545,38.0322257917484,18.5876673027839,17.7008117214029,58.0249511201844,43.0563717961356,25.8720746366604,40.1246153982896,74.2917064499593,83.5758223406097,36.9012685184399,72.9286702711498,53.6114438873675,44.0704523309225,40.2984929383978,23.8853722493719,44.2151092045577,55.1768629791514,32.707450172094,42.7766111445634,15.2184360899598,80.5181379577781,62.2469452324401,49.0392612484154,28.7857685399598,96.310932453845,27.3410703126597,87.7632144334545,133.591558368609,72.342672852708,68.0799399698036,101.398811148053,33.2278976733518,6900.54291178175,54.1432292143748,35.7914272850338,14.66905360417,54.8706430459046,26.4616209037023,54.1597978784664,60.5605266150708,45.3312416896602,33.3678973237781,55.0100391612535,37.6952858627113,9.55818557290263,55.561237924498,34.3530837415678,69.9915212777704,102.961533502496,24.79283823659,105.223832685852,30.7348020977485,15.5890226223796,85.600252227001,68.3340150861529,93.7086559681774,122.483986672449,151.875355342829,218.310391681597,21.1623486774747,16.5536840560198,42.9271913460448,44.3662250204137,11.9623293345128,72.7186205414222,83.1924699647568,55.7340355495278,86.520749513789,99.5918729477728,24.8665629201504,84.5006778380643,2.06069601664309,54.8031162604996,114.103678097026,1.10487290586887
"bin_m25.vmb86_sub",19.5111988985401,14.0493715514572,4.37817224885195,9.56335478025714,4.01440083804087,1.95079967337829,2.28341756124942,1.38925040943539,4.01191096943717,2.9199743809093,6.57194415058641,7.60672289609492,9.26820319684675,10.9598727208248,3.16583426036365,199.028858993108,4.97073713495331,0,1.50878185123069,1.15888621230127,0.531553351741831,0.683609562666285,1.02954437111876,0.425350086204544,0.175714884206802,0.417518389253479,0.679816982168721,3.12412127288651,0.467130837576158,5.10217993759557,0.868956346876312,2.69697810516371,3.34671134529109,13.5516843382689,1.49551120522002,0.309737603579185,0.614123556614907,1.4316558235283,0.738063069751355,0,0.819112896610101,3.47318196502562,3.32231358159926,2.64710431134866,7.55478659055948,1.44345845400408,2.35917272101805,21.1585240570892,9.28928642138107,8.73574504503165,3.49536445622443,9.36887754184064,1.06535627561395,0.80567844682036,0.656222754492198,2.84443463219849,9.19310377539501,1.14290265063032,1.73051855764495,1.17291359663045,0.8364628768635,1.23783342182972,1.4968342286475,2.85863365590661,26.2409214735553,13.9262413562378,2.78173215897385,24.9133445852147,21.6362387675865,1.0975189437455,1.11081541416088,10.0526363661163,16.2801130101485,25.4321401421574,14.0897641819638,3.10593786269732,0.974067892168639,0.986650047450784,11.0737288160695,8.06647571045132,9.52925684237341,12.0297649011861,0.370437001747372,0.25388212016064,1747.12414850847,1692.44503941561,9554.7791369559,1.54264488957752,3.84769923911486,3.11874777461419,2.34114386596893,1.31159499861641,5.2576298180785,1.16318148176325,0.845666608386175,1.07400944581812,0.756296025729749,1.88857641439288,1.88610091242869,9.86530737657354,2.43988903084116,2.86263253511928,1.04150159956694,5.33278319319212,12.1986421146064,7.2948206959693,8.77212268604373,5.95280383688124,14.222075357582,18.6328116987682,0.159569933549148,0.505167295706924,0.82916724505814,0.265240187767338,4.26274862870141,0.15637440185746,6.70946296911509,1.92334866154185,2.27537550379928,1.40303712920603,1.82699395210571,0.812653997844435,2.34575092891291,0,1.11243696242692,1.17253355208564,1.15807885075922
"bin_m25.vmb87",912.746948448424,403.085953101719,794.227850336323,1546.6840192714,363.112964394532,333.339065186602,22.3355932376728,31.5599135778007,65.1242427443805,156.566926280331,61.960928023299,68.9489010082623,1338.68489094984,760.445395612325,557.357788310839,583.142836146497,496.511360460544,867.097990536304,254.965149034205,4787.44922995467,915.440694605532,532.905442422354,483.298445291157,875.368978667911,146.77981036558,1200.97060019538,872.031833292491,516.971435106966,5164.75248177688,122.556470939242,460.083035249437,720.221088629354,655.354904419701,1697.43247335274,64.3892006329546,92.9284060171167,90.3242583966207,102.433230171534,388.100431966704,7.73042870965883,45.1776544795989,166.001478062882,13.2662521119274,151.614726689795,72.9645123403573,234.983215933994,152.617835416269,82.5453602921253,225.672015918639,267.118226285448,322.882197580719,33.5759924400196,16.3386995060503,191.250769645656,1197.79001430994,194.874604294606,511.765855427744,972.659191024421,77.2266863186844,49.60456877157,121.448300497851,101.810466852131,38.573616035434,59.9152040511839,755.513098654435,494.688260981871,1631.06608183978,471.490644714761,368.603414464887,130.746603721199,674.802288265581,411.275748031114,39.7222101090477,72.1964973886325,6205.1359999666,475.408544069357,263.753185399039,11101.6718782264,294.956103209035,185.103165421592,128.246135033247,51.4580724670079,1376.74982551895,359.123582159462,219.889189294351,2993.59766493653,27601.3112351934,292.999639100939,154.228085538571,2072.07702247032,168.01878789047,1282.45055258614,2453.91283273041,66.530634061514,75.4779884994729,123.685570855982,125.020248379382,52.0717276316086,14.2258741342766,95.6980631769376,2.78830434639845,762.829829495809,969.125877250914,326.806987729862,411.172821628755,39.377790731501,35.6265215551852,80.4438452800855,33.1042897606932,45.8274676115389,9.12694108582728,1978.13562368758,87.6504139638288,5624.59752282228,113.498430753905,420.965520981258,120.51358800844,99.9832407858425,2229.18197120801,90.5381083930172,150.001707877814,9683.06080070265,190.197322097498,6.96902456041913,2256.50901326923,1745.17815301745,328.888878816718
"bin_m3.cct136_sub",59.6001304311218,70.2459427070666,60.8990333261948,83.816399849949,100.75885437879,85.0592919282549,722.483338379026,300.553865852295,359.299245469965,390.711377655511,489.169998448525,221.678994387959,6.24144787676221,8.38535934447499,10.6262873846627,10.7951107402457,19.4299267423346,13.9081869875683,42.769968872293,11.3263624687888,10.5826746922446,17.0405644831578,21.9975405374809,62.0948737134513,123.943926164458,225.464099912221,332.20921393098,115.16678318984,13.2583919151422,79.1622685172582,102.084401378321,75.9974080385042,82.2788717577635,239.851596709913,301.027483744607,230.251981054304,414.692636150939,327.310841215874,168.678191458357,908.818290353988,448.292905888358,100.00663187156,468.151545268918,45.8956851947649,109.872687631947,388.963710731957,96.7441271685614,204.775830876163,392.522164916599,84.2599104993653,252.821127840655,238.693089010751,622.946953830569,551.730555782137,316.036485002323,327.14203315844,140.896304659483,233.557625223524,12.4333888663297,19.8501453942195,45.727228080535,9.9506966217911,26.4140029263185,18.3979452652804,827.801466000506,340.842786438594,690.837141864777,108.544903924585,47.5841622868533,401.904022375548,69.9095573122574,19.8483511239473,28.3475922986737,67.7341176200432,24.3793906062663,191.932501711217,333.489974305573,270.47923974978,12.7243868150467,17.7430044334012,6.36388637706638,345.229848157095,14.9938334532542,83.2117518958763,111.931716831013,396.483232060129,68.9772415420369,6.57629603028757,110.623861768891,12.917967743809,20.5909298160248,83.5756726935307,661.427655798995,83.3247811958129,174.903167747317,75.3980355742941,45.4911880552509,2238.88487178107,9683.75431277896,251.110082043088,119.559612132087,123.63975210889,108.033648605661,68.4402748994646,15.51076728874,425.600528725411,687.606011388588,258.821161847892,141.791945007483,394.986331471536,193.21154890453,27.4914910122306,5.54396130782782,13.8780887880734,6.72155153317477,5.17160008485006,300.933612934097,13.7940095131379,12.4321025095316,29.6643957760271,21.643765560814,13.8792578662966,15.5671542084282,0.130308991513774,67.8456735014052,186.220849810359,0.285819993158257
"bin_m3.cct166_sub",666.430570454864,1055.98301515934,406.530668984982,305.519823494084,532.153766698627,308.920644680489,567.951409352528,529.156318229865,513.165794030033,874.18608486004,524.725106598298,555.309928497594,20904.5860130236,6566.62746269419,640.574524449682,332.463158180167,1433.68542484261,51.0583523746358,262.198926263672,141.996594719383,78.5877537565749,117.395405270297,122.877557659222,186.38256801062,328.038818124408,236.289948702355,256.261760979657,384.402786596963,1471.10447584702,664.857171231828,954.783312790961,5037.59482354777,3996.70884185582,370.157753508685,730.819428697106,1547.48430531267,12974.548746524,3810.64971351194,652.299980833185,603.677327003281,1444.20303938986,142.158224719092,264.715583453192,399.114644572758,214.408745497339,574.755555660813,164.255837440709,140.402779103035,236.052802208454,71.3320992288865,110.297225593179,264.021271348627,632.923263304802,795.383224793016,391.428489228364,903.776084883806,779.138608186865,840.948290920294,112.554338841437,16215.0147283495,30837.7203785188,85.7780720456529,298.425458997508,463.389448679007,530.538063903961,183.589696532492,461.799353735738,486.085063111014,357.311694566621,968.881710911985,401.560939357058,956.923874127446,436.350942563397,288.255549055105,350.956647022376,103.612982196696,248.266600670179,286.085252375818,316.968457795233,356.595836842098,500.693614670865,254.568799535499,259.432857540542,129.331729513936,82.3219250963444,205.510161552951,136.627847537284,140.292292755016,225.330887834515,168.535639532036,267.030511530113,244.914244565788,241.227584083833,278.944624314742,524.478752327925,2392.42730174416,160.264553699247,326.607824956846,1162.87212318118,674.488960523605,459.323672464697,939.519868004818,357.555420688402,273.674710127661,150.712193717698,405.677736177485,158.96006627286,682.552441073906,280.160632555297,285.466304996375,439.04651070717,222.523248939212,52.2533065637833,864.464003719009,167.146578830693,1000.66748260389,442.615338602543,355.77634493567,2198.81298389404,275.33401165688,310.680800407588,766.646048967145,153.881980481875,4.76335173365843,512.804369873503,716.00683647867,2.34876280113554
"bin_m3.cct28",229.400983787696,268.553473389505,269.885703511949,378.885301383984,387.269230865485,359.713040057959,417.201095207789,305.944131089513,360.786585201839,829.022304568405,605.483754339557,215.122922443468,1.07198867131603,0.118314217651895,0,0.158448374949258,0.725137730691712,0,1.86144335153037,0,0.191274480867767,0.922464300526662,0.95264195574131,179.996482368623,259.682943049462,176.59217912442,179.555304662674,376.806605527928,21.1796731756114,219.274545341379,257.731253768824,272.410145015439,207.563940647678,330.165893742804,176.550215524882,178.441323935313,344.904825849898,392.815524426915,528.567392772533,195.552260115605,1031.92003746342,0.937343930495367,0,1.60740386348519,0.994580119853487,0.141658627255941,0.195906033346101,42.8467314083548,0.699627027900431,0.382314624523901,0.503109627372035,0,437.948692294007,537.793848954395,176.275221262071,1025.59017145679,214.288260241755,685.369429221957,0,0,0.225744982154113,0,0,0.949525357476432,692.095929628342,35.3063730748551,396.763522512392,257.130066838953,50.0153292285558,132.065221731251,185.74825436957,36.8722733696553,48.0191639937702,148.737288749548,79.2402766249162,0.798316118958878,1.47213856357928,0.399416346226825,0.587917962518345,0.611083266922703,1.41194676355903,0.721466317819783,0,0.411106933279464,0,0,52.5190507641886,0,0,0.292761415571792,0,0,0.257987550865386,177.207810668755,549.118707918205,175.58720793597,130.630090150489,211.895065636974,166.802519533389,849.500210525601,276.800359066045,395.11364125827,316.416813859249,169.539404118346,27.7542861972012,247.056254955,34.8193506010764,697.240708180352,51.795423015405,105.38262968821,230.82736197381,21.5408952133378,1.13922344439206,15.3187925317414,3.57912346174964,25.3214368740717,0.278577372578868,1.83202663312298,2.11751509389129,1.2621743313615,0.246534979926599,1.93001099316332,0.2813654795595,0,185.472329658479,563.903010265868,0
"bin_m3.mtb134_sub",303.378235641094,691.854782666487,167.125385213069,199.244531470836,772.05992175326,169.314192855675,885.722547214389,2210.9274027048,1758.50290640772,943.490306497469,5052.72765865363,13777.8420055021,184.73129150541,187.58799367909,206.051129635687,211.888109736654,184.979374313144,121.752624522506,407.977137349687,230.079577179728,196.689716319301,398.344500681395,296.027402415509,101.068970110849,460.578958871634,249.78695979115,209.742696791356,368.880869961924,339.789324820861,380.858261491886,326.089454971527,447.925854182316,312.782276122209,305.057038121453,386.677675733168,646.944689599921,1920.87047511248,1970.61120312508,313.097427003049,495.498207333915,757.210735205516,214.270263019238,967.469498593971,3380.77868622425,544.868203323012,544.222859180644,2715.51389889093,2035.7494188466,1417.37823020705,705.619129658389,456.031058254546,487.617486574073,811.454738666054,473.125147133749,304.601496555258,760.49117352692,636.728838041543,773.614242349533,376.479064658748,475.575180364986,730.273313628754,324.143804225836,536.820888029845,881.191826816046,420.240760367143,196.44074598954,361.191314651471,344.042206024741,392.796287550328,288.242849380119,929.043084155244,273.881313172551,560.507117401562,609.380436898915,256.06850716771,209.691816058628,592.666813901196,112.180010890936,259.548281189286,482.965043728826,321.248206519787,327.009703449181,352.940493555498,152.809164905523,80.6730573131166,160.25915472853,879.923472782368,107.985570570454,384.927955989971,319.035494310156,455.123924146515,891.040883520117,311.272928829831,10852.8444413714,38686.6545821528,834.904778863246,1000.27268348549,655.231749756251,1300.36570212105,869.690151777895,823.346690249756,1241.78467284672,4468.46116575631,627.453700158615,161.587821154127,1227.56632544923,1706.99609051675,2317.27793709374,990.569477962575,754.287857665281,1033.96053794104,153.293712423742,143.113920671465,405.556777669415,280.4672270825,95.9893625790806,492.680732590517,493.34153993337,311.213338924285,695.794188107837,593.060645048566,210.315851586747,353.548993730226,1.32326750904317,516.959980254361,580.164211028196,0.893063847676081
"bin_m3.mtb140",186.015604638851,220.820728425456,214.048718315298,295.71240324678,292.880425011951,292.828714110758,772.877985008907,675.047684472755,915.755486557079,1326.21935458034,848.300582847534,618.841545637698,42.0903698299877,77.8067109965219,76.749062992231,999.065727626624,136.107775528858,29.9609901969747,52.2532513518875,39.5494072041706,53.2496064390292,44.3992896156886,49.7022246059563,207.086761147865,632.99134963962,293.087925374046,227.537231323415,441.377168719963,10.13911809211,338.72250606266,829.293899747004,450.528470746379,367.060744764224,471.643080679017,337.086787986344,574.513479501065,760.402907030423,409.861023596633,641.084840147208,2393.05921978398,3247.79863535957,77.8019457076855,48.161094566952,63.4221919053788,54.0233046235733,18.5791459542584,585.264083625186,1291.25354820324,84.4010883156428,143.80412605951,341.83041045048,196.601385866719,655.14655456542,623.804281127754,280.046678384735,1596.46824219246,910.253318404956,938.842267454497,63.0512245855668,32.4522087483504,15.0830342666809,99.4384940177988,220.299906774765,164.405949786124,787.030617162592,224.131004672515,587.98643643085,595.422193226139,248.066487433798,147.084037865984,206.755536815426,86.438155936237,1383.39581504082,278.103251441353,365.061124360454,401.080239290697,4.42360584356236,230.626637842647,131.544310636547,310.283112843039,411.670222736594,294.582438385502,157.096448869189,667.876833630267,91.7144060785601,4.14028473636559,295.722307787948,18.5445693402561,754.088991744525,724.470467269187,20.0416194822201,25.8006328861862,24.8185268543549,467.165896772089,21941.3274369227,1705.04507766876,149.36278607801,1345.20129693235,851.704084956332,789.086959066025,301.453329704587,408.034084453087,350.366432834044,184.040199420705,46.1998637859795,828.021532010216,267.235604833551,831.888882602495,292.147896651721,406.591060911093,478.59967739179,59.209395868005,63.3801795076094,32.6824028931347,198.332112190543,32.2702569314073,316.33488168184,40.197497121525,53.1338539464334,211.141152416401,41.0277485359326,18.7784636273083,68.0603890374704,1.05783868893801,202.822597285671,634.486813935244,0.773421806437256
"bin_m3.mxb35_sub",2071.08657838701,469.613063852929,320.134223578944,665.795393539953,969.041841788812,44209.001143083,503.231164840613,6801.58969105256,1095.90497372677,2188.94671967066,1164.24784765125,1692.18048078895,1148.03785613359,2632.10375406934,175.009733948259,13980.9650853363,446.480413699257,1935.97710040066,5414.42461293127,2138.51127373499,11010.4303051915,5035.26263243712,6197.82831398784,13675.0296987141,827.179891821536,1801.4924638651,1462.35398895581,304.014254839209,392.643049539335,668.886622788297,613.735842528573,1236.79595531145,377.717360452808,1118.87232764292,634.47610367283,1036.77202904028,254.344471571895,316.458272112663,2776.47153306609,190.38028464775,278.794357402874,393.441514789976,132.276244893607,229.090765747862,193.175262280463,190.548206133638,366.976683169184,203.971397036763,477.047809654947,465.333143146826,5645.60197653251,392.563143763558,229.475807037518,305.251413083421,310.587320427871,347.731564519592,335.498326667385,223.210612928585,2620.19285214405,1432.78537955597,1174.33916765333,1211.33727487972,3908.01442872791,2742.30275498005,851.421959190704,649.72332662373,522.955460783922,369.445714869122,5378.34309365386,229.029610551964,655.270023802104,939.343356820215,118.336561655156,212.660331187385,320.41662074638,15836.2359589224,95.1475086749282,1369.96781550024,258.410861334408,289.212709995491,302.964930474225,14939.2142717816,2472.38646665904,6856.00607789808,23246.3418277754,31257.5812217908,2231.80845893014,5263.23681511665,939.029955960667,640.349472036383,636.757126226657,283.638642953458,1410.54559878854,19397.4638549573,6469.22758298852,1930.10794711006,32706.4677190729,14955.0437274381,474.215418827742,349.847288568309,304.757329903094,433.970142787399,261.478709499213,1283.27185563393,1162.96019920171,250.093674343646,246.991794001568,289.02085728295,148.840388541544,206.649744667232,157.010719647823,405.484803296669,87.0260157975658,732.343132698694,239.588174220671,307.453119879772,1658.00440204009,557.360280542616,661.371062479881,538.826972260728,2701.71357167929,307.345040626035,262.986855317534,8.65858449263692,374.37376725721,417.964272026114,288.789791469066
"bin_m3.vmb108",26.2935256757381,1232.80041708731,13274.3654947866,43.3853317756332,57.4931108880912,361.946799127231,43.5024945397465,27.3344939039608,55.9755608975499,116.834456359879,51.4922115614092,19.1033251740077,9.48819692723474,22741.3945073139,23533.6867513379,14.5715927802057,22641.852031348,52.82464356816,77.3050907400669,39476.3630872164,9604.61838454882,71.9294843483583,285.346357928863,17.3222687643889,27.149581663381,58.9059396420701,98.2256161710562,10178.7175435071,15.1863641249215,22.9452778736041,26.1992817599055,30.7427823373711,17.5863131010305,99.3636573732114,51.4568474638667,18.6232169651686,33.7044877449782,72.0665013062773,79.6715174531909,19.0399921369513,104.083167670698,2.52940645163595,13.3899850981435,4.62672174901444,7.3430336351345,10.7339553094983,263.394106010309,5.30497117862495,202.084186092093,173.980732555993,57.6722355627467,1.03423095909027,44.9877346493495,149.832387607068,22.1748326386502,163.467000245628,28.4068114184384,137.835363885172,9.41009719670254,9.13744763655004,20.9066782305899,9.51956727790681,9.54924193765843,5.07331008861243,226.614800785126,7.37602371296166,76.8200746264281,1993.28578443646,1495.87977402366,14.9370878520813,207.666105458922,36.3388362887747,5.01884795585252,15.4358633356936,3.65428309425247,13.2873664867787,23.2904377840807,6966.84394625752,14719.5486247306,4.35335385011122,113.388993297759,5554.05378919918,769.966069693095,12662.8243603762,27700.1696061981,15071.516334696,17.690091266872,1904.37252689084,108.074705778535,7407.59151877701,1678.29511965638,19638.3101664122,8363.20551772067,2670.93017713811,982.044421096711,26975.0229381147,3207.04755463757,111.263494101376,38.6463841327281,538.441561489833,41.559900696957,8533.06594237017,33.9110954375143,19.9466527619083,5.34382116258497,23.3003628520905,4.34021746138424,109.941562624223,4.69842562551454,7.22142760147666,24.3203530733335,73.9031604375813,3.68900981125767,6.58309310697099,4.38758365526397,63.9563757472386,71.7156374571506,127.982306642111,106.254423389225,347.734452483217,7.98324476418032,93.7458256059783,36.9911423452522,17.5337914658176,23.4187931014951,144.0731097724,10.7954110870711
"bin_m3.vmb138",504.753285964082,87.5253513836757,268.358869343905,12586.8037311367,1521.92823588972,4581.08917858307,58.2245029696536,37.4267772136656,63.6437211592,86.6211935883559,82.4609849202647,63.4444616157763,14.2250960662077,36.3787449648096,34.6396299892306,30.625756853353,527.360725026299,54.60742369531,20.8414831750866,43.7417512277331,469.345815104086,34.0169131884161,575.515763133189,107.241714324523,108.948507958241,26.7845410341195,103.342562600579,32.079388950532,63.3287993455729,18.5581680910912,14.4951954601848,45.519158692969,12.8197618419309,34.6031189852296,18.5138275821901,143.794141201891,81.6070575373794,108.749311460739,97.074974675423,39.9395256116271,65.6554725790918,84.245506712644,22.9857741678227,120.589110140715,107.63233595615,70.1209049212711,541.408752970922,18.6066425227896,408.18727725858,409.464356488727,17.0308317570527,18.1238900340753,179.701715130516,94.912761334317,38.0964797833124,56.6164613474577,22.6545765775943,39.9071122130086,210.713142722374,156.28755640591,368.694696995358,331.475777256146,146.427925372825,50.7627853715981,37.3485925418978,26.6071859943147,56.1352339860354,137.007740793381,39.0414742275215,60.0126216789832,181.33965359699,36.9808502688763,49.1096788595609,25.3641698530408,95.7353673405666,45.0990841327104,88.9540764574932,32.4287499006712,534.150584676132,6.96197288800063,35.6059729654359,28.5794668553597,859.029800306446,471.669385222825,39.601639245965,39.5517363163635,43.5411360896726,643.605013272369,117.317710658756,872.221950801356,606.915858686139,13715.8574847039,9466.75772299129,276.865726426025,117.037755200577,494.68974943387,447.207377680904,215.470629862091,240.090071879241,221.929937168923,18.1865152848439,327.413495751209,302.373741889166,230.383507785923,744.752676521337,129.976375624646,11.0653063708448,38.9905378443164,18.6911513943064,13.3992512224328,23.5953735743805,67.27136477424,9.7608813833414,48.7821269695013,34.6833535251689,74.4971522106245,55.9607956831221,112.564765176223,29.1712431907998,1049.95301293817,57.6597408680155,35.5213342579276,23.7284496679202,2.76163159521541,32.1160789709365,76.0820267834304,34.1068021622707
"bin_m3.vmb52",273.295993306615,258.418916400692,535.538922827892,653.196911999803,485.187875626851,815.855792418948,651.121354115389,1019.39762164154,747.055346870956,1129.68168132298,638.517240637241,744.045108459744,114.632484242806,702.105564890816,164.899743212092,1942.59245321286,138.46582028311,466.394937760186,403.119195537234,530.786181367395,322.886333262132,1434.6341710621,924.623010852549,188.838145919102,308.151890175149,323.685150580494,390.293875556131,571.514247809771,502.485073858653,338.378994174607,1044.02963451414,2152.2472016561,368.060858065559,2029.00298799086,267.643327637454,268.128171357027,345.366566533545,405.070947734525,487.461872405118,312.274593983187,1201.55002973114,618.510287653379,156.872818390631,261.45541614542,93.2587442736563,441.666020140138,81.5381365138911,149.643987184326,152.36979885215,231.151253534648,2588.86869212722,64.8774232229262,544.06848099139,571.82603061083,277.578344491536,1023.68150598011,535.900572937325,779.970318880074,266.697352427471,882.041586611464,256.261530733924,298.893422077386,50.7994068169503,181.134418520324,1313.18251650093,252.425972882297,1081.05293254553,525.493256770878,841.765687708669,520.493124260482,410.178679874801,969.472566855522,861.587074162583,182.478578882273,217.627529022602,3251.91133529135,15.091611837753,279.707505999283,204.651299524854,158.28336687345,781.074627478505,158.769694882372,174.092834525868,776.584141795748,895.446879872824,26.8463324117872,1559.61601315077,200.828765493551,142.834300539222,397.464262522308,67.9908416400129,121.574421988087,520.047278663682,302.183984291187,1298.05772566365,1446.80349894552,670.772118238596,3141.17867949374,9341.86437181746,1002.48246069032,392.749584904877,587.058939425296,934.483501619992,296.458760075713,470.957779011552,1422.74108143936,137.502983859103,1426.62313918742,497.195785821034,1144.5807591019,406.395560322979,141.533782352938,188.695010110957,74.3618228013159,149.211464362898,27.9195318023888,119.564199259898,1399.30972999514,128.277929070739,164.413667850798,1421.88742445248,343.907718067134,323.823660931987,2.33721284068296,2596.16456011097,2160.30168474419,7.83207203434974
"bin_m3.vmb99",170.028938531401,686.307740379957,9591.45646666819,153.646074183833,231.649242955949,596.693224472935,121.431168092118,133.613705534235,168.868738145459,438.493021750544,182.357392354273,110.409109912667,0.470388621187011,0.584058125770517,2.24945583670844,6.77889671324134,4.05692799474557,2.79616197424954,17.2294030363529,4.11718229690676,5.98010090810018,13.0540688399557,8.62164771723149,61.390221442153,125.47693706154,73.2760175670952,62.1911436783891,138.234061027123,0.829789324608779,4407.93521362259,283.438651811593,76.4442728793971,618.657426001286,4766.52067321435,136.433126393197,86.3819276833072,91.0901751248506,110.62599407764,500.038529150332,76.1538528043293,488.89134209841,2.82773225551373,3.12437759481909,9.40438404829089,2.9458468082307,4.89508461311309,92.8406512900361,153.191318238732,572.93190974757,126.23913998425,1408.20155971069,254.600057162577,178.647181147924,195.116098866082,73.6323311497814,346.616616481725,90.9249332203062,242.608744492183,0.683113789619332,0,0,0.6282369345892,0.332363270557527,0.195305493732993,2803.67460927044,27.5490499424159,189.623869635282,1163.16196145928,33.6042474853377,50.8190835142098,102.803742705256,16.0307446863168,24.8204412154828,79.9275860818442,18.3003330565506,3.5467987104054,1.03817312840187,0.657239586836788,2.57978397682669,0.502768749538196,2.98717503554217,9.20058924898684,4.60618848799416,3.60787438673853,0,0.478799178225608,23.6991281461581,0,95.3284859812579,2.16782505607067,0.378063475444417,1.05902539942202,3.39614806337465,1166.64006814731,240.352404035858,74.8289415217924,3627.31179011308,6699.7165591601,3265.59083796259,348.148823098788,113.474736324768,921.664634381499,738.444071518417,3529.36799291181,149.21504136182,1100.9369290264,111.234274376824,535.763607006138,6950.49653499492,88.8621519243358,94.3896993588808,0,0.401698317153543,0.942320474531644,0.210337412814983,0,6.18838729637218,6.63211950478535,5.29624396456707,7.47686818035278,1.62269321101603,0,4.16688200056097,0,87.8258168060611,200.993446566002,1.02857849462629
"bin_m4.cct152",8622.55926707812,2850.60727636534,1550.77772053815,6374.18485672879,10450.6692544914,13977.7852088889,196.471999801068,231.58810675183,665.18678805743,422.226840183011,527.582483994972,418.094324377846,205.74803922767,319.307660548869,225.690171949107,253.728090162289,495.91277013897,536.893674506606,213.443304662663,597.822128833123,538.132048111136,253.260191424996,488.615703988021,321.333431397251,108.347200382136,501.658673792867,319.695632418475,484.532400450051,194.804486875807,65.6836559594985,133.328003445905,145.877906903255,112.139939027269,245.03309341929,86.5744727716177,150.037449720815,193.840099714921,211.335418754628,256.585429932086,124.247301193781,176.670581397513,221.28304728321,44.114121137798,316.169873052225,229.9385767709,98.4014717840647,498.858156630195,75.0885246390707,417.111763731257,455.714992523444,177.339834623429,45.8011953782644,147.821099652162,719.751452873816,473.326209631232,676.89337260612,286.22416743751,608.524943365775,16917.2362289413,10404.1604356356,15469.3570311157,35516.4714652052,35732.1266364565,44494.2777033889,534.490418489631,240.098365537379,571.598271122121,268.133731707376,195.532666657446,407.349721271639,58770.3421541435,435.520421233406,77.6533093514409,38.6708678662011,274.215717241363,428.87313766226,10.0620602117056,395.963631093842,456.892305796701,127.145981019607,352.546567744625,224.476999325042,476.434198727514,575.592953508751,415.962132919709,239.934212363706,338.16049173129,19559.1691645923,19802.3099559832,19847.6274520219,8026.81891463834,6460.71984523831,10819.6048600348,33463.1448208972,60902.0004058175,29771.705977065,30148.015017073,17108.8024362327,40866.0915561831,36165.5997277042,163.075742981466,18519.1137177989,46502.2083268631,27757.036237092,12070.9540643878,136.627753658675,40.3595999046649,484.281841646405,37.1717565505052,54.7569303132826,180.707715173397,832.277943901031,320.932351254544,757.873880614292,1041.57751639989,1213.99612521265,254.147003838643,236.267002633885,692.026507098783,425.55387719276,234.016063006094,655.612957929802,205.585157208281,2.86168287486379,311.718127042799,646.357728026141,201.350563142182
"bin_m4.cct52",44.1863896416605,229.474434654581,363.998832223057,1858.36439384299,597.705062416619,1145.03216819767,51.9505554695865,57.0911101834778,65.6644471296621,146.775810677487,74.2443171060997,44.6096386373715,37.264710666,191.695854615773,2054.41000408877,17.7229599778363,294.13935111745,6.98785700365099,6.12377709974046,9.46606773878035,14.0009207561757,1.21388937337234,18.0205109014682,38.7089485906759,34.9460065233826,49.5248365839539,36.818223434234,252.790392880967,11.1980728095782,31.3425983005727,42.9149853208201,35.0849183565527,26.3590795405297,51.4363781764654,31.3928405451488,34.9251789095955,43.3474814806477,60.8009346166276,53.7338937506512,27.7673053237725,140.177766248787,26.8536649689223,24.6388837937126,62.1344451839159,33.2104963664928,15.8449727375006,17.7235230888371,20.4698867047831,17.6458551676682,23.7922257891586,7.13774923783116,5.69138937072685,39.3485908257489,60.8025307578697,19.6151841261469,90.9158164443996,23.3779331975423,65.9574081323753,6.99936421583338,5.20687329650729,6.12691146116327,4.39605564001666,4.98363191255062,6.54034927960086,74.6597450305013,60.6982230192082,79.6500430649214,42.4487592065612,10.1580596010208,17.7347225176172,38.266135749062,7.30248682413057,9.10509886804704,25.55757977726,8.60878248002131,4.72734125081311,3.11338417435664,39.8580017986256,503.035693697613,5.02585495408614,205.376375869027,63.9356225549481,27.2981639316231,73.709056776447,176.225048881559,109.126422653872,17.4615249962474,538.642701217684,13.0654309792783,1695.82520456959,96.3710471574632,6.03424455357245,23.3400076368103,25.0437988585456,62.6940957315015,5984.98098124912,16.1155096516151,29.958432158563,73.0374524218724,85.8376227792323,34.2663323121414,132.70764087859,35.7991056312069,5840.04860413632,5650.41944307564,43.5591654146242,26.1209410263654,83.2421165497081,16.2348555771691,26.2533306374353,30.3183681488919,4.0366279304076,2.94471394928641,15.3071263838874,13.5618181784758,3.05442402438102,0.229115988582437,1.10495036070536,5.64262363827992,17.6472819356272,184.311311995409,31.7467547762441,3.23972694435524,0.703156755217267,22.3874203217073,60.1199003602765,2.05640717631407
"bin_m4.cct96",34.2017717380424,21.7036324410188,18.0846214026316,37.1629961892037,43.8217932319706,117.769577887728,35.7586849617167,74.4093542492307,50.4333548565869,107.019852068488,35.4962938266846,70.5347002590801,333.957999402767,30.5381582105916,48.0096816800314,40.1270188583724,690.891922398063,207.158787958187,301.021621577772,110.828420023483,631.164025816693,247.289950726379,1037.07058135109,35.5163028709908,50.1130583492509,318.40046327221,55.7978988005476,380.253815606985,46.0828357992446,73.9878099555431,45.5689739336679,21.7203640026005,84.7199690659769,108.021879345876,72.9819442650686,42.1768465063718,26.4651249037143,21.7234931811148,32.9583790589964,59.9278799989255,140.067577335946,239.622331257044,43.8912832249219,346.868623389782,465.271843829207,46.7545828552099,803.428519039843,81.2410560753626,650.171594318549,439.101967980187,106.07511202402,31.9122363538556,93.6939809051169,911.14063578343,24.8215533176564,656.289162027112,28.5865134653894,764.199397981396,45.8070594399913,47.6112134924233,128.714508029818,71.0316934370121,40.3032148085317,284.746975509298,454.084446586006,47.3058513276288,360.997494716603,177.656609677925,84.5855363221319,96.215411531511,24.0149630434887,65.727747016508,122.357107672018,205.457717963034,119.467650172089,204.598700055627,54.1287499036127,1129.59659791155,547.74030917301,662.468638030707,507.292089273183,123.750891151224,993.683353905157,578.182117042478,49.4882262792375,48.5133226567211,95.8683169715193,24.4685220753937,123.355976595674,736.792725468878,92.0807581172344,27.7174710145382,621.312320639383,24.414637466158,546.371748651183,16.3436445282546,67.6358622411182,53.0850209077228,44.6511242579289,581.689103012135,60.1160620806068,745.111658187351,68.2754425923537,13.0121688297877,53.9028950371441,50.7005426755939,59.521225878565,583.344343444211,94.2699697649012,113.714842563403,24.4080133575771,12456.5376213057,6548.27173701719,80898.249473795,8820.83683699147,14151.0705951682,178.777721313293,152.694316212546,128.16723347962,1230.2973283184,39.3663641623894,33.005737848502,67.6998015298375,5441.11139532009,17.4797203245809,1042.2730153375,75238.9124365383
"bin_m4.mtb156_sub",199.417061367041,333.804681036338,128.443094058788,171.951912815406,525.057668060008,235.266691705634,542.435534977456,458.900537638734,267.538646886983,426.377737907274,477.092613940536,459.400985666787,212.2296895322,119.241468793814,156.302343504378,220.107238469109,301.615273829463,223.379348021676,626.980676855152,131.865543281803,207.040169037025,464.712662982353,462.665759016807,98.6525838144369,834.197934180262,302.069774591953,268.527087847331,391.380079427372,333.193422545649,432.268306577526,247.785915949061,375.821637709753,281.557226662373,301.899202172364,389.108541672947,403.656874226318,416.451447897119,289.96776451906,284.963364842999,397.845177070248,596.077354584718,155.970491170346,444.746181838265,198.065152487252,249.906159071385,510.463004338994,219.608993299454,368.184021395679,187.520265517699,171.048363444836,189.549805334962,640.357697352999,466.815654291294,390.709081817455,174.494599916041,594.806960137237,225.341064170948,838.323977072854,218.184216581555,260.618477823905,234.988481577944,132.312593369842,233.843838545095,244.639796058433,393.295645967808,207.647366001469,239.687001500759,294.577074385368,328.891306236818,220.16499293706,227.093481651765,104.946886813977,440.961499194692,586.391189847919,227.492514573096,230.9733542087,738.700776434661,252.572590279258,179.468941630995,815.197225048299,458.020668619375,499.468843840651,1133.13679093359,303.542007322534,110.417424115508,439.247767959342,412.301735349969,75.9590602443153,355.600074911178,87.877642697181,217.345574892797,220.066810470537,195.804949394817,291.595179510333,809.130372697197,239.747047122161,91.1528165368378,423.013848871605,213.182385834194,424.423050890289,246.986087118199,247.922666346387,373.309331504448,175.473040498381,87.2744719884052,272.869243082317,355.995136759445,559.001419751993,604.889684545678,367.912329382637,703.775563645137,71.8266869114186,121.121424318484,99.5433048621928,170.964036301295,35.5620069487645,345.578841458731,266.892557494901,148.386164426162,363.434374262319,335.923960558069,143.571145200748,503.363398449495,0.82951059650698,255.170400287118,579.013861062971,8.94562986123808
"bin_m4.mtb157",518.583812821311,1089.14014877429,226.079046482189,122.519775905302,338.869423377383,243.017574770481,1072.53886788835,1083.35597155802,2588.06109349566,1390.32211946571,1999.13143214401,1281.1459675016,59.065210816876,214.001093210512,191.989577653631,1808.26066856012,509.415611869716,93.7776220750876,72.0379213145181,131.39259621775,105.684423500841,169.286706815045,231.841975965865,441.031324880263,339.968205646202,542.135360672263,1358.16485521368,1857.05538744008,115.845108469753,901.809273277369,3046.34329688591,931.216380087266,634.702821825476,2321.90319860268,1046.47651611339,637.972243168184,306.456468335052,297.567393566634,556.676931738428,5943.13098527732,4564.53509963154,172.739248293412,219.068705168928,165.884225189304,122.774980383843,102.396624624812,348.137943510524,363.953022319145,175.346677368586,1077.56474731062,672.121801079218,541.029053427112,4836.08827148604,1882.81317101329,986.563502484709,10580.1810294488,7164.28308855629,6268.07547776119,462.315812946245,3894.44237466918,51.5611621182533,522.208371589591,415.738024556246,1450.12207522018,557.384154802862,539.814255371321,668.044096762642,452.671245355578,398.862466546138,2120.78952094581,3655.57538761156,239.903926041336,3585.62063511378,851.208500568045,302.948189279766,1002.81161888542,280.15624261577,1306.64139889065,1742.31660266665,258.373529918265,603.845822913379,833.813050709259,787.722222769744,1280.47738591451,745.806246619958,80.0977035288191,841.161375107819,61.3622914716553,391.522953998155,77.3040633657089,95.702811181996,117.683820426043,95.11530829538,185.468620577666,1857.04006291952,368.395195773547,371.33933779016,205.285956814679,2497.91940189995,1835.83164716678,1190.86607587844,2927.66010863816,14267.5928681537,6429.7628297846,887.56983725247,2732.35030023893,495.673468135178,1792.28967619741,712.678425408689,993.698034427774,919.030297146618,460.34220324616,1176.0735552596,47.9156306783787,2023.04599552481,63.1842214991647,844.546362530254,761.018129152978,188.875072503859,1207.96939714138,291.47588327291,112.232688747108,1410.11815936028,0.564379313822171,378.140947476513,230.409678795375,8.11519220136559
"bin_m4.mtb172",102.592497135833,95.7219992155566,44.0441530835652,117.332600814385,115.726389643767,62.447159876321,144.424526321961,67.5900670512882,74.6444308213006,155.898258788021,171.222577497102,92.7869520939874,1676.59147014431,2005.55971900027,38.1586262351927,1594.71471205323,37.8195715972212,29.1599510457754,11451.6118359101,56.3421682173809,961.616011798784,33.7330998811239,25.3422353555997,103.139258530399,58.9895299231638,118.684950650156,70.0248851944414,214.355746499296,76.5212143941102,1032.40181112771,110.448936475589,62.9848286349596,3203.34841114386,447.409049028559,133.421930333477,133.882708448617,73.8977165462401,62.5389624766813,119.171471011247,114.700304667072,314.577042574752,613.197079287681,41.8943891185786,47.2437177376607,1621.45793564536,153.284091607777,205.52407829749,127.3670529289,78.1159483276919,1606.24766848149,216.590559558001,618.278219601774,107.037203086739,160.981877062009,48.0416762991204,209.389855909989,110.173381137523,231.135969893799,3387.89431815687,181.63145714064,77.4765807600135,1464.24156129717,104.890279191926,105.929080884492,2180.15330935903,585.552303526632,228.683145864702,421.708922937182,77.7074286772569,69.7243291685188,338.857200058334,16.3564426533825,68.4409324577705,77.5450220472994,34.1321985592781,341.644096588433,6.30372854589889,10.5754122833551,17.4754874403663,2768.22584980868,27.5092362174035,28.2480984169651,26.9696405280322,20.9483864091675,19.3278250719629,19.8419235297752,224.781359160479,16.7901000105525,329.495779131113,103.219161910908,64.0466834034731,52.760959036868,144.316312699247,197.128671347227,132.37270386969,41.0272879570202,178.471060365016,144.932735975799,378.855317200946,30918.2342077431,82.5379178794431,335.198806271717,4986.25123460194,18904.6815171817,85.8142525073788,295.17066387738,223.474241072676,359.556068503579,226.304350072792,222.489041807707,107.91346303119,20.6369205838008,40.2449763051969,13.1957090247968,78.5451481118696,7.33688890530544,43.6293744724094,68.5502754000651,35.5435985728259,65.0720733051387,29.5587043307437,113.465741498252,53.7647778857182,2.77620514226784,91.0897617318759,173.103733848858,108.046639165861
"bin_m4.vmb145",40719.5876528145,28772.7303569925,5598.16428005208,16792.5968231496,7399.81186243617,63.6075194770015,10466.7234217249,6421.55118978434,4037.53781502396,1030.75023580766,15224.3350662621,2542.69141988619,57.3799294134745,28.4437706453232,53.1237801392124,50.4071667332822,144.144177995785,29.7716873677705,292.259002325616,50.7586778400634,102.928692448919,58.4496624256325,107.295913654199,1839.5747327671,2020.76021299533,1241.41581616775,234.837858288301,1156.8176583742,24.2465633385093,917.051602244458,22.628949123366,167.001098171344,36.9992050725369,3114.73141779872,1032.13837940027,32.00722047873,479.781433258032,344.746503693667,91.4177270051041,30.2326981311116,50.8157093514309,384.733987469009,2969.78944044598,3550.72189282115,322.694489256851,643.237973923971,2263.39069998291,61.7338164116509,125.494515973441,12113.3001562661,7910.09157304207,1460.98667493593,119.2307812101,154.291018100688,41.2936572933396,203.057232826662,63.3483917104481,171.46697581844,1554.74581147565,204.801272341953,621.812576162673,2212.16514456433,162.571239769075,2258.27272369247,2308.51826290845,5033.1391417816,580.018872961425,1683.56298473852,2765.74532841699,54.8340305833513,1814.70114450699,38.9064501557891,61.6153873765039,58.4221639490084,59.5171122525085,16.8260526648978,7.89555880449209,16.1354012627604,223.692490389841,33.7087443032952,16.6068652803207,53.8160277398551,178.843404135307,119.322506854806,14.4167951024617,12.265714682802,49.3118368387662,2224.64973847468,1054.3524336052,2764.58209496764,3084.70488266816,568.36832313105,4570.80034941273,268.27712751681,127.775300191302,338.044375401031,148.879994442382,41.4489073672286,59.1105483001377,18338.3549509614,37.3778682063424,4827.58406185791,972.223704333054,14155.7440849273,2356.36944349807,1677.5889557604,101.523317555264,293.81510550404,8427.69287433363,18987.7134948206,239.512448486764,10.5063022392245,24.0649290987818,14.0502610186586,92.3597275554416,12.7865180147378,71.1008695557093,47.7037570525267,64.8261159089243,187.549454953065,37.0229280224665,27.0420942601037,928.465789829675,1.12623743141416,40.251972942683,159.238265778147,357.36881571928
"bin_m4.vmb154",11807.767643884,5817.76155402352,18891.533953802,13417.9584523127,5681.07584941275,15860.1585391615,61.0972841163606,42.5419831327177,109.709567739134,207.154287311936,55.3805541297534,70.2531070134883,63.4008703735916,206.502574953298,162.145248769154,28.9066143824596,369.285183297812,491.477211280553,310.474317359447,456.678138058647,787.05839345549,346.123829904201,538.784477359219,737.71042124803,72.693368534992,244.175219489208,339.475413535922,329.294513036631,148.655653088987,38.5839765409462,58.6319969266573,144.193790509968,81.6111154455893,231.749787422489,42.2682309584675,75.6929383621878,81.5841996285031,156.880337327479,143.05202923173,6.64630580309523,62.2158889558361,270.496990575634,7.27529170591131,223.313203207892,48.6808376005047,114.483853454342,316.540689329309,22.0792811491877,284.718340983978,342.430381606345,93.464070352799,8.38877708410625,33.5191638929548,319.441979250319,167.327175525571,257.551640656632,34.2777376349674,181.853697379681,19743.1843529293,15860.2377514327,7821.8033243164,33716.0325855726,4468.37907823737,4328.69872038527,280.564311896529,197.389686366541,272.251284360856,243.406040944012,245.472192589223,167.383545679046,9057.37382823653,350.703512166986,14.7782137733745,29.0305083238176,193.761461168966,139.469238771647,2.45643648928134,54.354591422707,461.40185783131,12.3209444205462,37.135037930846,19.0609817704308,345.424261437098,225.458862712087,76.9947455359808,76.3894021967684,215.183786552492,21629.0168696147,3825.97628792937,37966.6736781416,12449.8448038884,13933.900785719,9903.46741235938,1806.97813124669,7646.23985658529,4992.04421839614,16140.6733675796,2067.8321799572,191.389739489612,4290.18619087535,21.3090649711561,11719.5273066992,5376.62777962609,5562.90980212869,12687.9037375126,134.751748931368,25.1200243331387,177.22472562133,19.8941077396694,28.4559734278324,43.4026541003776,223.244137346539,23.8068654892998,89.981824750231,97.8301406725432,124.877536877557,139.761634603927,56.92724129744,141.144484175485,348.627510594362,200.338473440582,255.19630774255,228.016335013045,0.317020196759696,121.19539189414,309.245985562654,137.100376113034
"bin_m4.vmb26_sub",480.588320304858,1498.76732381622,3446.02076772339,745.974363832013,147.156574048493,406.778487275199,138.78629951022,132.561537375113,278.99662274616,318.041842093168,206.084447733017,211.24486067952,275.029312026335,762.10293554537,326.309166020343,1085.35587273402,266.266130713485,419.796123314385,225.169352128774,1257.90373073637,421.688380296758,461.273243087475,370.112280938003,893.478336525477,120.351141087935,543.896234629968,591.891451801975,330.038857451176,272.905661291625,69.0169423600813,145.826719589786,145.262342131784,112.191936645357,402.690014789761,46.5300800469797,245.280533466018,159.458342384935,243.768273090919,640.91761486399,31.7641130162272,1265.4213689268,93.4126393665116,6.99505980023578,108.699425582463,40.6899772896445,116.865246266243,178.79284299931,52.9378465929044,203.139002823843,274.937552767919,84.1135363200453,9.97149845965763,47.8271286069538,375.705466180929,445.879009672008,208.799304526398,28.9183928944321,80.776100768552,110.933314241409,79.0852146031824,712.715386248408,178.618370122061,65.1543371626997,121.596071189331,346.427936938401,234.382966237331,424.003167990062,320.539358404713,123.081194895854,153.894226617578,1501.49640236939,265.079693758899,14.231559857915,32.5529584732001,372.194455233916,2780.80663743334,10.636762270082,543.646088154387,201.430612862108,67.9957668480916,392.65800855836,754.939295038337,655.08950121685,2127.72260183161,2994.57380342267,1332.20030044587,1151.33858361586,433.731366494098,143.741144331482,580.524100520225,148.484450922544,251.078427609074,321.425802478579,239.924233624503,153.653949943569,1312.46327588822,331.134811667593,164.908736678997,50.2580230108673,474.60414659401,32.8333302851077,1630.7181874554,96.4008523209294,1429.15128954025,6713.06795045913,80.6135189051545,22.3512443899549,214.574236058932,15.6441959527902,21.6247430238921,38.1412573514811,688.859977033097,90.4531008194464,706.884159467671,146.471175877464,2232.21133137576,252.442141299143,194.447960554304,582.094834113106,95.6148900581415,373.659294007435,530.574512440297,259.791340417731,0.960923654131941,235.831205296877,341.795539394633,60.6546861052577
"bin_m4.vmb3",36.3848290077728,5715.1336046532,901.069526054481,56.8294084565076,217.740183062104,55.5583254715384,76.94121841913,88.1664613686794,299.92803895603,243.806386592781,86.3384360768997,56.4069357783174,1.04694202666241,1.73324770297319,20.4815644288238,69.8468452134694,40.1739787566464,1.81044545403404,14.5642695081978,0.666443328525775,6.11363188660953,5.89687357808861,12.475601032743,645.915467622785,59.6187671619284,101.743751858809,35.9994172113434,137.602884317979,24.8486443212235,95.3589719924993,60.5901650857182,43.9999851169962,54.94425153395,150.749672236685,94.4493968722674,59.5222705217758,63.3490489610656,53.1718179929322,76.6113491195984,63.6554697003217,298.821782637412,102.779306260486,70.8034921746783,30.4455258762112,16.9543348230973,83.3866084162748,172.456783802168,16.3634324338743,9.93862522614042,12.0500546642289,20.4358863667699,11.106392112467,105.070650670181,211.198220617759,44.8133419517528,197.926414289921,54.1723486608339,158.561954623241,11.6103544761836,22.885163710839,5.41154934081457,4.32190805577471,9.14587103927907,6.95505019355748,179.198813066685,203.248440673896,113.478508504357,87.1626579417612,47.2290090780069,37.5535864767731,40.5637457305561,12.1532227579843,39.4393642087887,81.5642770570666,27.7711202008702,20.8382853842325,19.6055802961239,4.07815217827021,14.0935449911671,96.4383461523344,34.1157572112256,27.8641032218218,32.486777424349,10.0375390482015,6.14518906787175,50.3767192617822,63.3295331357494,3.22593564887159,6.30815064166242,12.0866666399917,18.9709703063509,13.8852762069503,19.0687728167017,42.225159568026,150.759019853225,32.4257353076841,25.3188409231232,49.0540682528766,35.4595264756792,217.475148335329,62.1833962779821,805.61920583141,137.328085909031,43.317642519099,9.32386821994295,63.5426557951093,30.26762720482,358.732519707222,24.2665354462762,23.2939421311345,49.3232813787876,3.2682116824295,2.05904335400072,3.24131090180397,8.17129514708539,0.899265827515266,20.776140655941,5.20500935064173,1.46642842453045,23.5330594135574,27.2513268478751,4.43968042797207,12.7403319028658,0,48.6906869083619,243.166384895618,0
"bin_m4.vmb39",6815.57190778365,2937.97527604582,6124.67474405451,13310.3482241644,2793.77874300009,1402.91632345296,39.1994719816856,183.109698365406,98.8303293355059,121.351781893174,72.2545983965348,86.1683771239764,2262.46942905838,954.367949748468,796.400767295056,197.048292579448,743.052158586152,211.419482161528,69.7655791003632,889.526203351778,278.177486396583,136.380394866799,218.096828300645,905.833126220913,236.004636549681,2105.95762940584,1092.46200541129,759.995723297945,8157.86722989464,209.154585613723,727.60061903946,1197.01860703327,1027.73777489743,2538.20641018866,91.7717450982596,55.0310244578501,68.8292414248498,74.3453162066109,137.710436440822,16.6890421401516,80.6536026169419,93.3324164724476,12.1783355223131,122.115252977636,69.3406229287181,116.863374687949,211.351886914686,58.7080996553535,214.085279312898,275.543051843129,172.278635202875,26.2528008294787,24.8794733680291,332.10880701905,1926.9934688513,195.14976039063,790.884798411506,1501.16376707741,66.4245880704763,43.4894868229816,178.134625404223,84.5182052026296,30.110943607768,49.290403417073,1303.0858666522,771.821967210486,2862.29769648332,612.927410465717,452.874056904398,100.574551187298,5595.21074830046,193.514869941621,37.071537734821,46.4978872089117,10601.3023068712,188.58192372491,33.1195596421916,1144.83381644249,433.501081588237,42.3811936001477,195.453233642879,81.6761041789396,328.330323994484,258.431946946344,239.107356045716,437.036687043391,2470.54973991317,174.698282902294,787.966122605724,17386.413849997,358.478949549076,3928.07627909526,8746.80419677296,63.9515262108327,160.652630402438,152.987362807852,113.933168519369,45.1707192736112,21.9442423857676,282.312931755411,14.8956472232783,6177.65106212346,9013.77708443064,2209.73453892524,2384.28470734158,50.7974085115267,29.8834982498253,121.849953865035,22.1256710181042,30.3879398883939,21.1423953264994,3142.01659353746,128.012056704596,9694.49397196648,86.2527041272832,544.654255300535,84.7760645481804,91.9272187920705,3676.41303768523,179.106204009156,118.685946250792,15620.0313482093,102.024077906714,6.38864734219282,3817.05223252983,2917.00648751004,384.770093708694
"bin_m4.vmb51",3250.94578811261,41.399573539422,4693.91775450351,1961.65428087744,2980.76752344582,621.42345146276,4.2700690941164,4.13871897190726,16.7642807158113,24.8456937543511,10.4790436808576,5.71715756153197,11.1644173676113,1.68931267422571,12.0557178002019,2.39543547673851,46.77415019469,0.999048722068836,10.3576179917701,3.887748194918,31.0054846081709,0.464863021833659,31.8713557401639,3.95299257820058,5.41680343379596,49.6666710273126,4.62284019831742,65.0207822032355,0,7.5017209546273,8.66655012533651,4.57165710302172,7.34130781257301,12.0567027877348,3.87415716869089,5.24223293488035,6.26417507664246,16.8747592252706,8.96713858993116,4.61983383292489,33.9774256319837,0,0,0.300010653372314,0,4.40219154895585,34.2243594788831,2.24916800606033,28.4012535488358,27.6149044701036,0.422558469309224,0,8.50027838304225,113.470251147285,7.13983441564387,105.739054533543,6.79167174919273,98.9619444491549,1.0460214978834,113.030727970087,7043.32494671139,1.60331838641131,2.03573185839943,0,54.8842906778002,1.33919441835523,43.8223570461608,4.43936094713284,1.12978730853515,4.6438097014001,328.33343181953,0.207149030486777,1.74341413094992,6.08146715952782,0.961555650522161,0.335250230664632,0.353268429664103,0,34.5651902813242,0.128311204876026,0,2.12084186458489,38.6249392345318,24.7454974718079,6.26043286388122,3.66581850054574,0.93851926706353,715.112221012818,100.313832673581,6722.95738088289,67.9256321903611,2081.426530997,945.708799944939,8.83258658684685,631.80346396963,9385.89441312131,2.9388041288219,6.16442638772406,6.84038466803666,70.3650463219372,7.6421682414101,9718.76103935539,5.93567599024289,4.71426673786242,6.72018524257706,4.02033041690528,0.978896860833854,74.6627568597654,0.708511976577732,2.01994182251203,8.68076347137514,1.83210696817784,0,0,0.107360081125114,0.283564112050028,0.818913564914206,0.410321900812404,0.711394803941782,49.1882653287298,1.65650487418607,0,0,0,6.16383775958304,136.078920988248,0
"bin_m4.vmb68",325.358201967216,7236.48322017074,27707.3921524466,3449.89300075948,7.83620735238481,60.7519761912076,8.05495292998729,0.48702618329474,1.81920733150064,1.92918354917028,8.3417456202315,0.552632393569752,2.39623467356848,13.0441884962755,0.971109056732872,0.270139097046338,62.9683418445241,26.6533576962336,23.405154008707,26.5191410457498,70.7646593274275,27.4700376488631,66.7711065663334,0.260949428823159,1.29359885393161,86.935523127439,0.278042110024641,107.505377464102,1.14632655974179,1.09978356255144,2.86540657889551,17.6967908117497,0.331158869923372,7.32659579620827,0.720881941393238,1.45683491261362,8.0061646303027,7.61203090503708,6.70139189448313,0.10779101816763,1.25630068880074,2.13077387161148,0.47958050092238,4.16145070847193,2.26088340006432,1.04656156447167,62.2354764757192,4.0284660369802,41.0852011511254,47.292387294873,11.651145902165,1.00837607327539,0.26143557566455,580.612278964946,137.282598158814,169.269034654167,7.38061980824109,175.641361764363,2876.04112221755,351.563607468164,19311.9148187315,30.9185308898922,8.72382884576758,8.49895490919674,118.72739299107,21.4238641447051,108.580773742971,3.09217312734293,2.91882134847128,3.54615474198127,4079.18991201419,584.134329682908,5.11183557889055,10.4587835752463,4.08962303016753,1.99620884015474,0.239033650952785,20.5803086425887,51.3422384880963,1.82321588024558,4.35594390751781,8.61021022117251,93.6313751620487,54.5921205514267,5.58079567750282,8.43342705303777,7.33817795887754,17014.5067095196,3753.21354705203,11632.6357472025,12.7959141709572,2185.95434417978,3197.22406372919,9.18765211651934,116.473024562707,8.05319290259378,0.132566441712203,6.56556422136725,5.9635683474328,1287.72769583931,5.30703341167411,16681.1961641552,1.46046686900342,4845.1974544913,4975.72249686537,1.75502887650752,2.89780535196836,139.080534454789,5.94460630931732,7.57931973335871,9.30003311369423,512.292391426859,4.99439668203023,569.44941346901,15.836293482966,402.637718153945,18.2854739692894,22.9051354068137,543.063983797122,91.5268293462712,5.18392455354273,28.7169283808815,0.799501379261584,0,5.00479925122552,229.46993224317,0.118412269657045
"bin_m4.vmb71",132.594654185387,324.990544773956,101.482529993417,127.863904061009,355.100269079415,140.703927408651,9030.33725787768,86350.0897143499,19257.1739038816,26221.5084816687,2486.5268496957,20729.7058847824,315.68297459476,123.239446247365,3672.49958984803,115.022396621971,436.625313848107,178.547863493316,431.684131386863,211.832400061972,358.297710111053,355.806836928918,506.46331871334,306.80854633417,5812.51184974989,10190.5600354671,15046.3213555444,781.5427065395,22005.5839976598,397.337521049877,314.993165942382,360.367222023042,351.901149611527,211.718003805572,435.931955088299,7311.33761622293,370.707671298911,201.311447748828,330.720515383804,352.036658483281,1323.75855025061,128.175914317757,349.707322141237,206.665733661259,295.837089526161,349.39286352373,23738.6010845205,54937.1332483901,947.146883220763,5575.44213394734,7347.42767739946,5037.90621797588,10265.1707216473,4416.40490639703,4318.12462471581,926.550607948797,537.115915952992,878.02399508884,515.737703864328,459.215245557882,288.207754359236,13516.1980400808,27935.4930343017,21477.8126371281,10650.4440614889,2972.81145411769,1635.03790529775,7801.06124454329,14678.2059172661,231.091184603998,9716.1799510478,5242.63247227706,9629.80058525839,46358.5960121793,265.563217154521,118.204620502309,432.485724418698,151.065180032136,593.271808215376,286.944463185839,251.960934653602,515.390991533254,706.230902065078,349.663304150628,57.1791514101137,287.201525586907,268.476762355426,1623.40360788795,17572.4998447527,381.870234752857,316.44179417705,9303.14238673785,2263.18343771988,7427.96593988015,552.298962588223,342.02820224774,1844.39084131874,68321.5113899346,348.017806970681,11809.7218087136,57361.8744874527,7250.68198886594,29882.730067327,10124.5759881059,847.238509190096,642.688522412567,18439.0029017282,31619.3485365983,49318.2555638848,58625.6120337987,87446.5487211262,93.6970798869176,148.747434156,252.258626547084,14296.1321855796,97.3268258560603,12939.715641743,488.626203218078,173.669932472809,48673.6095092017,44399.1671452368,474.394101798339,301.968047200466,6.55500337148443,3529.9430038653,14653.2763645878,3.31794392996573
"bin_m4.vmb99",18.6863245317275,75.5182829844174,2905.78633326739,1188.40580105097,652.835258436682,5990.76076647932,2.89012274110438,0.423067653065783,3.99723096317866,5.74571741356596,1.93233840428512,1.7068734309949,8.39676124641598,1.05134523876931,3.37431410133665,4.22393727228359,5.15488410941628,0,1.37840548929081,2.59392504770088,4.15475691433937,1.63941150867735,5.64347832575398,0.906721373164931,3.18386616864016,5.20665500748089,2.65681168023433,3.63256820336832,0.248946413925879,1.32279909244995,0.694634829297868,1.49978208961766,1.03561040146418,8.39563549700702,1.13856798498831,1.32053907755918,1.63641366431693,10.1728981711072,2.20266696659758,0.749083226191188,6.76616833664577,0,0,0.176339012699666,0,0,3.0948079255732,9.17628114650632,5.29589134944736,1.76154441851757,0,0.175190292990934,0.908410588326558,1.71746965928449,1.16572837362552,5.45714878945666,1.4516292882156,3.04541568928654,2.45930464303181,1.4287468960389,7.35525869337444,2.0732619721163,3.78908765290436,1.40625387701462,3.49612077252722,7.87146119283301,2.96491770516406,1.38142010835436,5.6747089032818,0.701876347994128,1.89434559498621,7.79246045717438,9.83747230965689,15.4896709323346,7.34732929686902,0.315283175544417,0,0,8.32012472310403,0.90501870910819,0.398305390865454,4.09590440237023,1.97415704021955,2.97661135248622,13.7843897515032,4.30935907012734,10.4198467790914,1.94318417114654,0.143897612927726,5.63656288039515,2.04162163313813,7464.89243044656,369.472729794905,4.95912211889014,1.80271266720023,9.6666616097521,1.84251525833131,1.87874860219372,101.28851525311,1.75249465896808,2.60056316451584,5.88435226290514,1.74442345973227,1499.28740099142,10436.8707101546,1.21964029584401,4.17144642780463,1.0574690206604,11.6604941487048,6.47603451329619,2.72124960508776,0.942259679814638,0,0.141353531520899,0.378621968843174,0,0.962675211030765,0.482354596845039,0.167256270344622,3.98781707478267,1.21706692230213,0.173233948394955,0.555605729217816,0,0.922206700357455,2.81193404039305,0
"bin_m6.cct108",1762.41614969711,841.496141526118,535.879843321901,240.357041809998,2361.65379164126,113.301032568699,3765.65096779919,2298.04172692698,291.705458991534,741.712740040902,3013.79519115714,862.173489359181,613.96054089593,1054.5499711737,1148.45907940245,42.3190282315089,1961.97932070583,1483.41249700124,2004.32642489389,1905.85361250945,3445.55364812985,5569.08381800807,5469.50288433955,308.007138433678,2015.30969877627,371.249765849615,1573.46965378751,2275.18953998803,1098.06374669012,2562.50285143178,1532.71264020781,3321.84819902739,5343.10740055384,56.845993550312,122.289701622557,1094.62406131242,461.496501543096,1438.13941996972,1303.06061369012,4213.6092279981,669.798202594551,37.8060140532588,709.889551061057,1077.36461564335,91.1871725246871,2069.76316247502,871.092569483401,39.5154595157414,642.823164025328,75.8460720536951,721.602808898853,2948.6890541676,5100.77810659061,1601.11449091346,717.442541797573,6800.16619039201,2537.28749464697,2444.12989001798,1494.29259895618,1071.92014469216,1345.87468470856,1268.14934903884,2132.32617233589,747.264958519462,5127.03354878416,1476.73089435085,485.764379735744,4721.97285035482,5438.18487604572,690.923093624917,1452.20216163833,3347.74928574438,4208.75364463821,2199.81629742712,2023.59962716181,54.1878664965618,48.2041726875815,37.5893260915116,1772.08093562645,114.743344645163,95.5420678956402,111.605289358806,125.688259350207,97.0608535175747,17.9241435904042,35.6371472452179,47.2678151833918,784.340890580785,2052.09006384167,353.159523300431,1164.9018105968,502.951138337088,642.155558772178,2051.52858762241,308.710483706696,4758.66378621989,1262.16371960594,1607.21998575782,952.72031710698,2639.05400473734,2686.58884419037,1331.41605205486,2499.56331973995,1365.82703115359,476.36519669949,667.290800483415,1826.01501750408,2284.22609053194,1372.57657112549,6263.77525426511,2841.54650547136,1038.8724203572,212.011255844632,4222.52448928358,1180.07021816199,720.883252518093,4017.72390646303,1145.25611858874,1208.09926202288,1956.70818825103,2165.74874011258,577.87061376097,1568.28665357819,99.9445085975776,5366.29475843623,1997.90341474867,19.1649627624948
"bin_m6.cct122",158.683616946559,306.294424737542,475.272245173671,207.424274480989,144.590149914325,23.2512636448449,2323.39354839565,960.711294846846,556.016002807513,376.022514264855,173.680438766723,156.436740023678,44.1864818791343,57.3913973593641,111.492668665257,287.253984251846,1386.48573726371,36.9572712288286,157.50873679741,136.966614720185,83.7198366545524,109.483920884169,81.7037061196929,27.2845506645066,102.032181944211,85.5104174222658,71.2542655506316,149.020117978718,98.2173756097712,161.301014897576,201.147306735647,418.564200402515,85.1381497480776,155.463306954437,283.673354766269,559.606657644298,391.232847770137,326.224836869416,340.69020234796,390.268548112343,1484.76621586476,79.5422436956263,376.738077445017,419.578771704876,110.317751521582,1389.10359612293,539.43791833698,190.936952251764,283.851857459042,147.490261260164,56.8595006437293,164.009314661012,195.367580109302,98.4080834272496,43.24048712344,173.396055725057,69.2815138503758,237.427898633474,1019.28841623377,75.3783371590704,556.986136072265,188.978696930216,477.491748046077,927.729727303574,124.018630610434,67.8964732541877,225.23333017515,439.296225975684,685.985171594092,54.419335145421,94.1676860669846,65.5182438928825,98.7283094723173,156.657709723336,52.7837996435184,153.688453863736,882.516522491657,105.586341447124,275.671167085682,3056.77645217336,1088.33787269774,690.825709539283,1049.2593583232,92.444438567842,180.40033929501,136.398693784399,1798.54419200319,45.3321698916984,148.128569941548,50.4828927673978,131.169119126549,61.2881323240397,151.344590854987,117.101836827997,105.124206409758,69.1937107338644,41.1299779569077,91.6372132399893,79.9274188273184,293.110567789498,36.4537580219157,150.193286002331,144.033888058067,334.028386021085,618.415398860723,161.435242732891,303.04753707784,522.650853596492,246.173685875165,154.624875704228,172.938011753523,30.0747773730337,31.7926173675527,73.9502798799251,115.670335073114,36.7796314247213,32.7279378159738,113.414223668903,29.4741941569028,179.998729881986,184.409060612998,51.4471680324786,134.079629216507,0.332039704546581,59.7504332109435,162.593800251833,0.404609182201376
"bin_m6.cct57",45.2157662361857,76.5786309210421,40.2735210908758,53.6511400738694,60.5293795858099,50.393518765328,784.977341643286,297.79911327094,326.431419563974,227.949698348545,451.974711092831,238.827636892519,15.7118336841438,21.0401647478641,17.4060017648487,12.9790610496264,36.2546711658847,17.3090751867554,51.6487366251754,23.5219934471978,37.6680544295717,26.7795852416793,43.0603434203139,34.5919054360896,67.7875978981549,224.064654925687,346.98188546644,66.4944964517396,23.4359336498489,60.5270013157307,58.2766354531813,71.4009792635558,54.8551883738295,201.405003117454,241.142522979359,226.635768314307,418.756199984715,316.712694757976,103.747689352861,1009.40453975856,240.470596753732,96.5399952207199,465.970679898767,55.4112633747003,118.531847708532,418.216130157188,624.682553489214,1434.61778602752,2861.08986656989,639.207436596936,1905.33654626739,1545.55033787014,585.253007434954,473.114695159238,294.80068339326,183.757330401968,121.576952528225,126.984462600806,16.9147110282177,49.9779653696407,50.3966915307815,14.9077324578603,31.8901279081204,27.0513561835475,792.280780426595,401.737961258105,727.429373755473,53.3782161423704,31.1407631296653,399.265817210378,58.5287623249508,19.6795311909001,39.2924776286006,67.0968922430605,26.1692772654324,207.122591293536,352.391942998628,282.817864336232,36.5970709396158,18.0253361762125,13.0125390854519,365.916625873468,66.8713644625833,61.999605762721,120.015049385807,280.706926736458,76.0398074604271,10.7304850365144,826.341967339788,29.7589451523187,32.4720160711749,40.8091238775752,146.340956594182,50.2294520888387,94.7343868392162,52.5434495823367,27.0281315109249,346.925584668905,1332.07053096007,131.984543666554,84.3499994808436,71.6217056655015,79.4177226265523,44.7130834113637,18.4298469624376,3013.89427950088,6072.93683303667,551.846903888115,953.652597916667,3128.27330363776,871.259659390282,36.6854707063838,8.01248150155008,16.9528662941865,18.4457255311088,9.38569764719263,331.943202575094,37.115192979883,25.919101808494,64.6048062489344,43.2142297823534,30.0102988671298,16.9573246323874,0.604768999129271,48.0240028194616,121.278171465603,3.27203700469216
"bin_m6.cct59",1268.24619958225,381.09494243297,638.286990757722,550.593657968159,2229.20997881762,2155.23601208928,906.840944961427,1347.40265050624,394.702564213485,918.171219750327,5867.72531234652,3645.59568719331,6.68491977634241,13.8136911785009,3.26681342715606,3.13734647686933,20.5963626307728,2.43646645546451,6.35472153288461,1.11043277014084,4.8320948651711,1.0077347772617,4.66147764323077,5.25133178202983,10.2316049541189,5.35467329391496,5.01071995272062,11.4087962148332,0.516461460165399,8.02951399764261,23.6177276525331,8.12429266710701,9.38959133991182,13.609366492696,6.06262187858875,78.3823040613702,515.569956552935,1028.67246912004,454.56922299529,4.92112579770321,40.6016958960972,980.683608740655,1405.30830697312,1047.00818898695,28.792695648923,24.6637951879157,19.3951217143333,89.5922596640981,135.981519750758,22.7969970864438,1.63167227240219,2.42298554932766,13.6631941116045,10.689130331734,4.75620065402369,26.4164603590453,7.77979608463419,15.5843642356999,0,0.123502600502534,0.462398116339989,0.391015110637566,6.34380276746927,127.068918763719,13.1872968207352,17.7297640119975,20.2469932095306,10.5082222115272,9.01737800050656,4.96154249062835,5.6493581696367,6.23070432162745,10.9602334631674,17.9212744166742,6.14174225700026,2.234783472815,10.1949639415793,3.63614561623837,10.4367858689601,2.71200474027779,10.0535591693065,3.0787382955618,20.4778211404796,5.33316595453155,2.50425194731293,0.993349819361183,13.9874047050111,17.7791030890753,42.0925025037017,309.929064146766,131.301291177311,139.913058951892,310.459226589833,4.71539730059707,105.028511211734,187.349835691871,3.58355779897679,8.44486704583232,56.2490819430718,18.6632903816962,11.4441502491943,10.0976541438625,109.33650345137,30.7571715815424,8.64980093259407,665.350897780911,8995.02526729511,391.230067606859,669.046514372544,1531.45316283799,502.800041471635,0.093085783175992,2.50017315564905,1.27075200882015,2.00735035986334,2.07465691628962,1.52164211853855,2.2515468281703,1.79277131940087,5.17067558042827,0.673310265073959,0.119796407223222,0.576326731650633,0.778319707042561,5.73959927596388,15.3402259995336,0.142263995470544
"bin_m6.mtb114",249.711289553735,162.561038687411,62.4425523250987,99.9796713330313,74.6513075987855,118.716636154656,2351.34504799376,1315.84646495187,2120.27459880341,1342.55429904342,502.664907623711,205.365947213866,105.015775764219,218.998710027561,107.665183201656,460.673139027403,91.3768489693882,17.3684263449051,190.259280230491,39.4119483510035,94.1359536338291,39.5224773865787,39.4593545265851,54.0045562849387,59.2267640129833,69.0710352306015,94.6188427813061,81.1337583146942,231.588490912472,173.934197831673,17.156506299031,15.2423744652957,222.900915596664,198.559048541606,227.174888753239,179.541104744888,134.130701036613,1198.63691251426,222.333735536304,231.310578462172,137.117248447009,279.7637437056,80.9369536170506,861.729452683431,260.268878511632,336.290027170723,602.767544728535,535.734325219068,2306.91002033806,700.613374385367,971.316331196539,1348.02233240443,219.158129258213,124.618769143453,83.2346391174325,95.8750076705542,1171.57647903008,119.196340354034,87.4792071027509,199.571622973876,49.3078276431368,87.4010214352623,173.359954463395,206.733151814779,295.442994439754,372.031159866239,148.473302070895,199.164356221608,83.8118998370942,948.495880396733,156.901029871219,831.118344219148,902.521942465646,143.623340521052,273.076139489285,190.745524209813,2.2084373224925,9.87992424578685,104.405481575857,443.845342250845,14.8269816783033,45.4571014371522,27.7155914147849,53.8194899105208,52.099486811625,85.1481013195467,113.604427589667,14.2021034985185,725.285208389105,79.5222635701435,72.2198119954895,38.2074029509195,120.105685022628,171.637870360506,12.7821459904449,14.8807263750766,623.823501517069,90.3943951565063,166.224627894688,135.941259118323,703.878758392851,122.15578439861,140.555067983922,179.243939155998,129.766855607069,2234.60896641318,1983.5396284298,1952.85176291388,780.48796866969,850.255062132032,700.048103716031,146.22061156894,239.603587390976,19.4440019617998,1068.47937825103,5.08169636812156,886.971087865782,494.124500050616,1092.24307901308,296.540807264073,222.126444413924,257.700790644404,45.3045497720522,0.997549633980154,253.055919844054,146.212269546687,127.051451303644
"bin_m6.mtb118",314.52036857346,12348.131737208,1544.56693285402,390.723957888966,1110.56396287522,1288.06718529579,124.456556120195,11.4637874788048,7.00374115362528,24.0497771904688,5.10831447251875,1.69210389682004,118.635973548633,3.55136346715436,1.3380464974813,1.03392287557303,93.6884487536005,2.43942506300288,3.64394181388147,3.10210270938699,53.9189136533692,4.33393525565651,54.7031999107946,2.5468140164966,2.22798794281705,4.82337731955469,8.14090545643915,5.80182970551921,0,0.388549020492012,32.441849836567,20.4848621621594,4.25869335075659,0.596629983353836,4.66535940044712,1.74548331349802,2.81190661576052,1.00848723313073,1.87166343689956,0,0,45.4656008325275,1.92730974081192,4.19551573255081,627.706197753669,1162.1113854746,41.9297245835235,30.4257196250509,47.1745072617697,46.7343629287109,2.62635222520926,0.463131668420922,0.600366755772081,3.02685944214157,7.24201915446437,11.2205918513809,10.5531680861483,7.24575307582117,2.16713274660254,1.88851197865155,1.76766395618541,0.996519799675058,2.37240048621717,3.09796799224332,5.04126389052854,31.6593042175391,3.9190164594177,3.04325936409745,46.6007628190943,5.3602603721008,10.172250122385,25.9110464663567,33.9526221020631,58.6664163829582,28.0677955805383,1.2502201516595,1009.19393017543,70.0228811820489,37.8518874803627,2.79125032445129,2.36915318418784,2783.71195350082,21095.6996869978,2836.3974084642,1555.66125608484,8315.9170939173,14570.6067958455,0.987881972256298,1.90203293856169,65.3341581203843,1.49922631920981,1.51185921855362,48.8199243798362,16.3873698537591,4.76563690253762,9.91926240582071,0.152214334894354,12.061851892577,7.97164510905765,1.38986429233606,18.7495313081469,3.02474412917656,1.04807818549966,8.82782205447637,24.2561037943241,2938.08087079762,15595.3117571673,2777.34585340351,12015.3745407446,1149.03689386703,50218.4101603907,54.6229796654055,1094.03892516765,832.74827406075,1.66820338746572,4.8467444143203,1.09068023532041,4.62241434471788,3.42671945559763,80.713424563817,1.93045707504424,0.686939837055794,15.4223464189705,1.48768738875693,6.61726114174965,2.06489069904659,0.543849397672076
"bin_m6.mtb193",1141.33670493746,4354.28128634925,1501.8240283248,82.5094893816976,4796.59074984458,377.908097077065,1195.59441475875,2428.91641859633,1848.94001182688,791.836935128994,4291.68854421948,11414.6331778811,281.774445421348,545.724430071929,612.42796112459,896.108524342067,797.07405422373,277.805549674459,1230.48166515512,591.556246553834,641.727016105493,789.256433940691,686.190677016837,83.5378435418809,686.874251068605,502.409746415971,356.121414057496,497.566608574356,1841.41690119755,1407.69418818479,597.907184573337,1207.14355105429,476.28689660525,822.290573542062,1150.82845377219,2865.35256190483,3608.42785384831,3438.88902815926,375.671335665589,3834.61450267657,7088.73062011632,622.384184199214,11177.2582709883,1244.12382865262,279.583373158113,871.996888792879,2270.73510774754,7060.25376891933,950.162783391954,821.634543900305,1539.69636970702,7535.90604451947,9068.9907052354,7627.0803732325,6549.2676971083,16095.2765549847,2088.99829050725,9498.82635972627,509.717696786691,2157.91467398662,3909.66970295335,1742.47123864531,1370.90718101146,1339.23372445512,539.942454385774,312.552486269503,404.807984203579,682.61457451135,812.175097653396,720.472263126622,562.327611183369,8237.80895838403,6345.75935129418,15582.1179775021,803.380479458473,923.681263834893,3721.27810438721,523.904441060881,585.059181249697,2931.65135103083,249.427912742359,1839.72214400362,2539.81575263108,730.322074565195,503.116519416998,1600.77331195354,560.078740437604,294.727135460089,5310.16758124182,582.13270812869,1569.48016435282,779.142340576609,620.95300225778,3088.8952304474,1833.57702104065,2936.94706234881,944.542828882194,9786.12766919049,3650.65328337077,1387.93123172359,1262.79151465914,1113.71098576419,2308.93832377099,982.94356746628,268.69376040458,11521.846388715,9190.04327350261,7801.70390960908,19671.0048606256,2626.65429502197,22740.6357381697,567.513810324977,166.317911365487,226.4266075107,570.587269001293,150.62629276359,14472.8889482415,1106.14454852799,250.09563919962,4821.63256787433,4637.02859555132,1121.21828614424,779.552025107041,8.74533785946868,1167.88268666137,7000.58403903393,5.3400553470489
"bin_m6.mtb194",489.771153181163,929.138727499295,414.531624036822,217.832174747914,292.407914615212,183.477236795017,1050.61430146293,903.198565265931,2081.36283948583,341.158626006125,1185.72660829985,729.058948114724,3191.09864873861,887.474454705663,479.771270237644,126.653375031577,991.796901069467,172.570484973646,456.12722164803,237.571896829444,181.714775588276,379.960934263566,418.241089285168,48.9567106494607,268.549924136523,473.445418660593,269.818430423206,322.645527552913,652.873930304941,443.829991619884,1136.93740336486,1714.17650379502,1930.49239485944,1459.47544950886,1017.78478197353,3625.22799145875,4706.73337785931,4856.65278903752,152.615351340701,479.096110382302,851.676420116353,3126.53700987896,8272.95736313322,8017.24489505452,317.095003725542,16835.2408699262,273.85176233478,117.910840182261,346.917901889552,65.3352677480121,173.220337154476,284.347246058169,578.580025665501,367.979864584507,555.08335291251,662.62949077935,4519.77572141523,1240.86991428694,1064.53904857758,7249.8097806489,11281.3116413726,164.363143731926,466.165966208475,1907.16394647089,225.837262512519,95.7869503430363,310.304721323574,264.109279977703,231.664537203089,274.38539469088,1507.66634849604,124.67467268461,438.435066114241,489.82272967954,144.085795139717,158.649328464881,461.937617211219,267.665946616095,263.712303033933,451.145974848023,231.208884794405,256.996456993308,556.760022552802,158.279417045241,80.393536211349,237.684840291426,130.396800723775,997.711159022833,518.850615214489,571.391452269265,566.173316729676,409.073726407391,1085.96984441934,437.335129684341,478.592506435484,792.052706525244,270.370151875182,1332.1092126779,3105.30514206,228.276157387482,380.782516067164,690.948550972136,738.522880673543,248.642849242596,359.627919764985,4095.76737263003,2597.55663636157,814.639059763158,3945.3390809592,734.987800191174,397.202593993204,116.239159935029,87.5433065782482,129.639383955743,203.231545641852,38.392418990256,1319.95262295295,451.925665613912,1489.64037379094,3081.45889956358,886.054127839943,793.405386320816,548.607356728656,8.1891511035588,510.564818248342,1660.05396456961,4.60004995267837
"bin_m6.mtb199",548.439405179944,2271.87252939142,208.063830877058,154.547218083658,1284.02745797563,154.177495811973,1252.39296430411,749.208817448846,395.761056181096,442.13093200701,1038.56301719859,1133.2353623516,305.942387970679,296.552773236384,565.152028854313,456.514722197415,416.442548095967,232.060917304733,1218.72722458291,765.977889707532,301.384478510076,751.622693109018,548.909926618677,117.560856468274,598.059681791931,225.04860203743,327.899081781946,419.248193902864,925.031061182108,679.769031806739,576.629055408451,9601.45635282675,574.188766034375,390.023914382087,573.965352888025,1554.59328897209,2277.94975336395,1800.20141775049,1537.28939017784,1171.46221240452,1180.18787043111,509.674071368249,1507.02026738964,1313.297644589,1401.74281928897,1426.97640532465,932.438109455084,4561.58206870096,2337.78258927856,589.342204339171,1819.10359828267,603.482964687597,1354.14607823017,483.116290966082,600.898165594766,619.538098388549,1803.72615761479,727.677371114066,1587.05627812076,732.308599785629,4394.96430733844,1476.3000814894,1207.95858275786,578.8987236218,308.660798824059,367.908620891982,439.906689724272,507.814041932295,552.179583690518,681.267067439447,644.897402974804,812.061370954105,1550.66208677789,1370.45326606896,459.626477754566,367.434047173287,1203.80620179466,147.750123975334,620.771212160336,1179.74789505311,687.774901433476,493.092856963201,653.54297277946,317.701194422196,137.692532276101,247.557847972867,2386.00404748023,122.32037870657,1215.92935426616,2305.27547542683,472.228518877763,610.285402271919,915.253996604399,726.586691648797,739.235258099616,1125.17642697228,312.734499369201,1634.98875562186,637.837817161832,664.670747520444,1284.68237135921,2655.60967946068,1098.61610098019,516.344398003886,3161.20598119577,914.711664851576,1929.41991969344,1613.060238896,1261.07433902253,1450.65579900533,1261.3125920616,401.002720886226,313.967162854808,916.486517798589,635.704499026022,322.523611721897,938.739284526078,1851.84546115657,1446.46897175415,1622.79518420503,1264.27448776192,763.012907287555,603.690837057665,1.01691399638084,875.674446840459,1071.09905898952,1.06214339036862
"bin_m6.mtb48",79.8487710709337,78.8316191668736,23.9842937607383,71.8900534611785,40.1937643928429,40.8476327217204,6459.724161985,4771.1545115651,3462.9960906447,1893.85957270243,6964.67603446087,281.883481888025,31.0834747730973,50.2798840344247,46.6645593300563,108.903883115129,64.1909611059873,9.25487081352332,99.7744198652878,21.592469063842,107.696269045021,17.9734252928075,109.736425972672,40.2422009976704,33.4668917269869,40.659489553283,41.0016361963385,58.3264939909465,73.6906708419489,55.8395484628681,26.4444351565333,33.5973230683289,52.5669621963003,40.2591108297668,41.8409723302148,1739.86713548317,1063.38071831489,57.3012853198668,187.389226148382,12374.3088774582,8627.82507381063,103.3005308545,36.2508930962336,38.9088508861558,101.317721713267,121.161729133682,18233.0782442405,55484.6310355032,1095.71847243312,115.157575632269,805.149530367919,248.265591673154,450.458380338347,145.889260330282,146.268751269492,135.674251137595,442.290955613585,1356.23335870869,118.145354229238,144.99841775344,58.3573513967683,72.7779042561938,177.251016819271,75.2956100143469,94.3275955810023,109.031895885745,44.0550549369073,62.4879404315196,69.3221188564183,430.85430503386,51.236102376,129.975957568397,848.481737824337,1352.47957451985,156.7602792185,34.3546339799127,2.41985573210766,15.2173284507613,92.7530511705228,100.782799535179,8.35529154220313,50.3622377814416,85.2782242309425,85.8822016410934,17.7886613801249,19.1955930598483,194.482175837911,6.27113328789315,190.783820782868,92.0757492302498,86.3595735878617,22.0186618485111,151.096831536609,46.8366781769952,16.1066792649616,7.90559515735303,240.76118265156,60.1586535922012,94.6731401869313,102.389684188771,213.249784577234,60.1944103148155,65.9165813431499,149.814129770597,83.242359042944,9995.96476915718,5387.638595343,679.856596105533,824.403842800018,122.431288409263,14.2709804656484,89.1033068713901,26.0918411760748,2.52590003565319,86.6799155660526,1.16543260197361,144.778043661083,421.225246161567,319.992874127046,174.470375876247,42.9291186065217,427.325090719613,41.6558200493748,1.31165662267889,127.944583862628,48.7910693942131,130.263721333268
"bin_m6.mtb69",258.956819367814,651.372994048828,128.904159213496,143.395731927313,890.779377782605,222.54121314504,960.1694576528,860.88005492407,458.712846583731,638.898522542824,1010.48901308831,1393.21448755957,717.617028134728,312.961613117609,361.28535449221,324.746684158404,427.942736396041,421.673090360941,1071.44213315807,280.038338013918,291.370069573566,924.646015049748,856.421183100675,137.106529999476,1555.68522672794,481.858533978027,439.860463318078,542.701999814248,689.627612524142,835.110877824691,679.554435077547,978.082409863051,756.368426554428,350.066823371019,655.354988230419,1052.57991612771,810.750666401259,434.543658416595,274.874836940956,1381.25480123686,722.061567408776,270.0155690387,1271.05308326456,465.426025741051,590.359779669158,795.31439848788,1596.25557310325,5084.57766045302,749.035345467558,2839.81693861298,1648.21087068361,1564.65245502494,1523.15013742195,837.701000943613,765.085496888347,1735.50657898483,440.034998780598,889.422639303703,490.794487275202,740.66956282624,623.970537938057,356.198777027378,682.307557710795,581.375221349822,389.583888364308,435.945032357648,220.66015430088,590.411442904516,744.627855445764,461.200404918723,2113.04661604649,930.588689506762,1014.86015774498,1501.82575036256,506.877651707711,269.947810029355,988.437199210225,283.853175383952,395.311738736102,738.894637407787,448.808975578292,535.812336865653,924.758340648739,295.189123174907,106.260331580383,451.031909396711,389.970704877914,348.023054141829,1912.95047602434,606.449977596334,670.949836873234,434.173105922415,356.786168312026,2898.97754260634,4816.57133455981,582.783191211592,202.133190667134,4063.01100919398,947.901376596334,513.699277261827,1954.7534302447,705.463658263591,843.22528169741,382.712492420429,172.974369338905,3113.95902842709,29366.0330269824,13609.6903776677,3690.575707844,15393.9343432436,9884.07929663312,149.936861501949,235.656344141402,285.049446504129,556.508205682719,103.910296497887,1314.04011781341,1394.85789185401,327.716002965575,958.001863040447,801.96369543077,475.194374482907,927.348536365843,1.7737260523181,642.21070748093,833.306834667177,16.0807091203908
"bin_m6.mtb70",139.490419196499,304.357662312955,83.9176088516772,80.5406522429069,464.506439033581,3838.41831798941,2010.71111453672,2294.85195441661,4107.49930997955,34630.0852952718,675.85635247305,415.343656927863,157.132822252765,170.092086275336,212.561799445932,138.878357952997,500.363192385928,206.501807658473,553.764152547058,238.152999186053,272.476158107856,416.349993902848,449.384090126765,67.3872978781209,527.948223593473,220.624364833806,246.878942257431,285.368417584459,447.342354736023,276.229403044088,168.572438849526,348.051725092351,204.625474776411,151.610805772472,338.292465216359,398.513337403491,472.616490934512,263.853227878488,135.196131283715,260.077224498716,255.40337961845,139.706263603408,745.644517643078,256.817070328464,204.439896442459,342.794044243506,3068.83565240108,9482.87039355807,9855.82606300514,10828.1732269175,18413.3770044074,816.461103772567,468.930841301077,252.57090245231,137.219165843789,325.072091122277,204.763121882307,452.187961289969,292.776489267026,2846.8284367003,21962.4560796929,265.386415102604,645.961397518152,3847.89349462204,237.06327827593,395.426762022016,212.624378805512,396.410895237623,379.222455782054,207.174837962974,11491.9670041635,143.244799067689,518.965432014265,692.425715623727,295.092716675908,152.91653875875,532.328400717029,158.8876014766,498.249453832578,459.984470998274,278.591818408272,325.51796523122,676.309928324612,271.209961147847,68.5686823115524,184.878755693473,727.259538745853,85.2830875368924,516.969590782214,6883.28943223077,4705.02442621682,309.351053341882,461.782636810032,3735.25079427989,4598.07832695116,15184.7039137847,2807.82761968422,2530.85753356168,4592.64519364145,280.697936167121,270.817720602361,3466.22839213035,35110.4131500197,4632.59656634154,8344.23785819196,11535.2574687318,69405.8555444459,12821.7463407981,2856.2834681916,496.539140392291,648.798882096684,61.1938698756737,50.7888559760384,104.49537713341,181.134780312859,36.6477056348806,392.410152371643,413.190747220494,280.497365754286,646.762009216829,396.874203539729,132.495872873708,422.490903520559,9.24474938892264,221.835986557063,416.53320483974,157.605189063651
"bin_m6.mtb89",62.9768592847533,66.902874810658,67.6725923897489,77.125667716671,77.8858182794709,69.6257618820071,376.831033628217,114.330318394058,2500.33719846831,634.957981173407,273.738138592251,68.2877865556435,69.0411053874777,3.18197439704126,9.19135086542778,1053.22709054067,18.1676984627661,11.425210205283,33.5943430293679,17.3541937150211,18.4107757534945,26.506461152303,44.9484368883109,50.1278723368912,78.9393326135615,137.199530299941,42.4174359329092,94.1743219674378,2.85519713229875,66.9014214952233,79.3365733107112,70.9548914443306,55.8409508090355,91.0489549601561,42.9294133287186,282.635728537687,320.81943481555,641.708232506546,110.298574408988,50.205572596558,293.354407838045,18.1329188179497,7.31636483795379,7.078588616779,16.0491031762116,27.2701847954302,20.520393027702,32.3312829896539,16.6702781305243,16.8662064114265,23.8568762939035,592.109429611954,114.605404127784,130.293211837908,44.5384211641609,226.014795792676,49.1663282466,141.459405349999,2.4974123009525,36.997586745605,13.4206496656889,34.3166950013028,18.1549481690633,8.23225479813371,168.36368455361,53.5224074025582,116.626547185093,89.340737803278,37.5617399282609,57.5232896355285,48.3753730230276,24.8742350907826,44.2689990846212,60.8546752819684,52.7828932717205,91.4175469562711,0.297684891326701,1.13073796439497,17.4760052955192,78.7132650951248,2.85513354019628,184.203784352852,19.5285961716953,12.9961433416203,138.919165050263,29.0369353416666,83.478810834203,680.920498087196,409.655130168328,168.246491150205,829.628084178016,200.144978000787,126.990733578195,85.6484374392538,112.100160741733,55.2517183538602,32.9362573602269,538.30520864224,45.3369661261252,170.846408224329,68.8035737397743,116.151845281221,68.3193847892874,63.0510261285628,36.7493805889826,9698.52523630596,433.163242058806,206.180125073487,3372.52641257597,411.449442944594,255.90046579716,8.00867926973357,1.78533089285092,1.11457575001169,11.3084949711411,0.716843721019963,6.30916614549257,4.06269790136424,3.83656559591283,34.4812337294211,3.8386399353277,1.98684152494493,13.5411601313548,0.806784375612402,42.2131730247069,130.345441034215,163.393288687113
"bin_m6.mtb96_sub",186.346344638917,303.43953927678,99.8919616485684,149.732320798127,411.288890432863,136.818921297792,403.521691951185,304.242346147186,217.88683668271,396.533297470177,345.628056037036,413.170593588351,220.478597075217,138.755968171142,291.956322033059,189.220029544976,545.303867639677,174.131093216861,546.223903175739,233.670025732831,150.346787748477,293.560589890225,339.012853698227,109.07941661635,651.311010805993,422.369490481977,274.712040294603,331.263767290541,408.097440342818,318.68509053901,264.710151620626,314.439789482875,373.456859258863,342.402916281795,490.851558436214,266.166540965674,284.650806590713,232.786990421206,210.157918548534,292.921959985004,537.97398400151,169.977928264906,418.606704552388,242.375509522047,169.338956118288,246.655081462255,194.809449450807,895.19191057753,819.96691818038,549.631320367801,149.955337628589,288.242200946365,516.987990193137,1440.03127151354,439.458434584795,533.339832590621,295.335888043668,746.461829326137,207.503413164911,340.061518637504,276.508059430122,122.0405819478,642.315270346226,886.292975400549,353.960291402036,367.061680677984,293.811192049774,330.091313192704,300.578797217974,292.379409716204,177.205030314868,482.991490797114,385.725396426311,471.102605000791,248.832854990684,156.900703439411,959.591139805445,193.981115273719,248.117598770233,509.340642649234,334.850250143981,272.60357609898,283.870777011393,281.257280224675,75.9125074792391,635.678933404829,173.446617659441,60.6972689803515,174.095236250459,133.543843816342,195.896300330639,157.025826186074,166.336454644326,293.894634481717,481.293440289311,332.235242653569,101.868059373901,361.642225847441,381.772441464806,393.387155144875,413.291403157701,176.086268363236,275.165093485266,132.059436213086,50.4807566310365,6981.29597807092,903.049353241092,690.542539540519,3257.44829665054,982.752819941288,2274.42962474668,105.094996128142,63.8540879053281,200.188856910823,158.508608070401,1662.2275528407,805.152553990598,280.393401802981,123.100257802652,1021.73222189682,1058.97856332102,8771.57083165279,441.208153662888,4.88602352755611,2963.75571916881,1223.11234289882,3.09144617977011
"bin_m6.mxb24",311.427249599011,202.391095366867,83.9345703131863,340.081148136939,149.844260057651,111.595006506784,10514.5004588114,2732.52246238123,1518.48892011404,3858.74226903573,1126.93953786981,225.487813839187,1018.31175835361,2166.21518930443,1415.0996803342,8007.80496988762,1016.26080982576,172.162846627554,2030.26967407375,229.915787564437,640.461036250359,339.97894675989,419.032304507818,201.147932550513,834.578300507135,264.481820433964,456.377012936145,394.396634834854,1843.25673033065,1642.0894214234,243.246718811816,260.598970386727,2575.7100950101,1825.84001634265,2731.60970776299,3742.53585686681,195.585397500244,243.003365914132,1390.29657010135,505.620140713878,291.711972357658,1043.73182975612,159.783938763308,480.406201195542,1377.35794620272,1511.44975733828,3628.16732059712,338.946664410885,340.664062990215,382.36908905624,6724.84468854632,6632.65794873885,326.447623158101,230.408773861115,98.5400278852961,328.951788536576,997.73594049326,454.411640610956,1470.379254544,1564.79420427774,1273.67553383278,1993.98707536469,761.528490043086,1090.84149154418,3024.27152649958,4276.60077829814,1211.98756669631,1088.58692495939,240.580289392483,4345.6348657305,1158.35819394769,889.331550204703,7199.01082193016,991.662497838104,1170.09909029288,4152.60866287877,46.6312512675535,1336.73721480118,318.494149114555,7280.75887680671,549.593605346928,2169.80001773392,188.961449128762,574.357120480655,1121.58115753089,1534.42052982842,275.813452950625,351.399934223671,4123.94832473436,1365.8742939911,1060.09366282112,519.825907438098,281.84138245546,2085.95762487092,180.814872702659,119.927225963258,6304.55784478126,621.0269864813,526.122267060022,4134.06103831528,789.829250278528,280.096386136599,1131.24207174992,1446.43082621179,149.158587372159,9982.22446483251,21712.6508020217,3487.05151437642,2186.97212601511,40020.2934221069,509.555581802103,989.766206412899,582.239582447569,140.412513176378,761.54431241163,125.608854537336,2479.67639944112,251.945887462312,171.277624086098,591.381294914607,279.25957777332,2046.75489777324,589.760011657931,196.43306376745,2614.0110914471,1429.06201231526,87.9016801737792
"bin_m6.vmb104",16.2557129081464,33.9425670077794,17.276719502856,19.3437764162861,43.5620090464711,97.3489676368674,37.3462253319561,39.1001400995581,73.4831008886092,195.703505177215,40.575789294758,1011.95049935297,16.0158059538897,16.0794621279126,12.7017306663468,11.2503557478805,12.4695474853135,9.33185832839299,30.0735193645509,16.5858838230383,11.4590676636894,23.0266403658866,17.0863256964845,11.9713824440879,30.0936250717343,42.9035090230411,18.0477188832894,42.7733347341749,1212.34818672623,24.029623030326,32.3269166553734,37.0751937599407,26.8290058995738,38.6481035264392,53.5410662573294,32.21145367746,47.4400773914774,26.7195354073556,28.5513018385927,36.193544250725,108.646919331759,10.9190979727081,42.1302584284207,15.0589462371256,14.1236919238896,20.4307765213053,308.084160748477,3521.36918087468,197.797731234112,189.948478589732,37.1876163693985,34.0556150161638,365.807393731426,625.751132021718,829.282052488151,5774.93126138516,457.055936902355,4016.73584201437,21.1861233555535,54.5841815233924,502.147118253401,12.0717140094354,134.787391384923,1299.07484501898,57.3193641397334,19.458556740902,44.5593677270127,38.0298351984173,43.753019993697,21.4254300257482,29.1350608998145,749.803392114381,348.735655809887,104.764892352969,408.664854159008,20.1047764105917,67.7790189217189,16.8386753280404,13.3711599022278,74.1509893444036,20.0281949314696,29.8154130147875,26.397405508437,19.9160557920839,5.51299264306546,28.5691473966811,36.0202469478098,5.37468697490686,28.2959463856478,13.4790854723243,17.3330203837684,26.4185339162297,30.0529106978848,38.9192925846628,63.8071945014142,319.928262965968,14.8159390480529,41.7688953228331,836.657641760659,69.9065133300273,5177.62136431343,48.6102658386324,37.5097283749451,25.3875609103601,16.0429341196075,644.712786542108,4156.95512876322,4517.94466476419,4288.96408654722,2411.29618647452,6122.17458735819,4.00821516803642,846.531818024676,544.318823502196,59.0652635499147,1582.06302189466,26.6565188994399,2781.00021204186,2363.32248832872,323.18681925642,1990.62333958884,393.397778529266,12.4861715260219,0.158084698810673,2983.78254192775,619.11406354877,0.115581094360413
"bin_m6.vmb11",22.6581676854747,19.5784801217279,60.0733066342907,954.509237264128,258.522718945347,17.9941052393366,519.470157352192,259.698931104194,470.598870149975,373.733555022579,506.549984661736,809.391520811648,21.7721636708103,1.68004251547457,1.32352303962206,26.794751631751,24.1507632087473,5.48397044156485,10.5128031435968,9.52828818484312,10.6173501019064,3.81057221945184,14.1422397558959,4.29740819960995,25.4661894956069,94.9550002416087,5.84204044587846,18.4039154006405,9.11357244551998,82.0548012898764,12.5634276027707,6.04607298164206,10.6816166411933,17.8226516220874,8.03854545574198,231.787651954922,52.8463254202108,86.121029799279,170.941130215211,558.251208838233,65.063990498415,433.385909744326,201.260346021166,110.204935760513,1471.60355719138,733.65959886884,779.924981574171,379.243616956313,375.708101599687,734.369266331687,376.362824364362,443.903486322942,2598.39172455451,281.436491474562,166.13020823081,62.6289486231693,17.0813808398791,43.0026362461103,0.803853824992352,4.43653240582429,322.302655183955,21.4390478509007,408.577824497832,489.681843665321,27.4259968264846,10.4385556678316,42.156704477583,12.6429539962503,8.36654871734445,1168.29269289418,72.6000327666909,9.07390510397756,8.03874559296694,15.5784262804152,7.07273944656187,44.5193993061466,0.27148216266028,7.39032752840356,10.6251584601096,9802.76527804432,2046.86278169471,5.35518595465968,19.6164327381479,11.1446067018433,0.305464170452342,0.751235605094583,10.8987342749124,135.043412353791,192.183768359139,197.654259531014,1.77954405514344,45.1957967840886,526.361239058084,72.5375019962725,18.2663997268118,10.9756842191985,66.2473531465194,11.0536555844467,106.550198833203,239.211440289433,30.9100327917844,162.988015697763,92.0591472762239,103.855098165204,56.1625712505104,549.744361551882,1973.20268949759,2838.45064333435,4824.76546741308,648.01420766307,10222.2769811184,429.952797292546,473.853787194637,54.33488320285,16.335953690848,16.3436480437936,34.1633219740629,607.319817803747,1355.91936804638,19.5520023394621,50.2835910983967,119.589120190114,2.17927839994061,0.367884923745428,20.3253009522094,27.3692040023225,1.3448658347421
"bin_m6.vmb137",40.3505094635002,93.3804868124616,24.5256080569569,28.503877816641,89.5528272295742,422.954054280728,102.218516474364,132.161035100476,101.299476479337,455.803705611282,88.7408480941068,108.445838360885,96.1150220405768,27.8841745953893,19.6110410350383,40.2654439024744,49.7838325113296,1753.24983943723,162.72546222572,143.640564609438,192.371334135535,1211.42097157516,2546.16073864002,33.3475585546739,305.941030661869,474.203512616678,113.927636786219,166.979407048104,36.3002247077541,68.4133631867345,58.8145956439221,65.8927668055377,61.0838844462269,62.2108049089141,65.8174841609691,458.602857226479,2230.40718828281,66.909808084424,44.7402576135272,5010.97483708253,231.844109504586,18.5694367757025,80.8514381132516,43.5564500478363,59.7214592935791,70.3282533239911,519.121902562553,1631.01006964444,705.192288606136,118.962766309608,389.484444926855,231.181734607107,102.05568622055,72.1890308456861,41.6786562021381,137.499728752788,69.8661415071862,115.995130971115,112.090501810279,44.576658279172,78.8797463993608,38.8283666912102,82.6846608098152,146.249599802537,100.110481825805,549.790887614985,119.04479854765,864.351058097193,4035.36351358586,36.9475797043747,56.6457419655479,36.1399694269707,70.191308728889,99.5455462671376,41.2268667647298,41.3103902288879,93.8494711861019,13.0286966504018,57.5324835450565,116.781015901732,42.0608182186564,63.6705082327657,86.6660850864165,45.6362476791984,10.244466825623,28.9214639416996,138.038191209983,13.8066314796739,3634.11502868127,1077.26429207647,69.5692544517858,118.44257761755,57.1012376960589,79.1310706798656,133.068697018701,915.387949156953,32.0894678406174,163.854993413335,57.0539378457786,105.490126026727,99.4930385738514,118.859728621609,77.1073793915145,61.1283844267282,30.1476562894003,764.294929953778,4238.86917164131,5229.19559346422,5870.67628888594,7776.2395032343,6663.8771012809,17.951585416017,26.4321908516411,52.2256405985524,36.871437400203,18.1626580830386,65.7261960507775,86.9797889463786,42.8318353231503,113.037826282554,68.7132473420561,22.9229392466118,571.435851739928,0.146010593097278,69.5261698561729,100.681885204055,0
"bin_m6.vmb53",258.422262040897,586.345489897958,239.624174138055,196.300001463931,2865.46160747998,92.4915949976197,619.653964572579,971.387358289722,260.730880654551,955.223573168124,890.375536401918,429.715224797471,91.7896578712327,57.3429720201293,142.911073846455,170.991863647553,246.039478631224,128.30325770839,892.723453480531,106.30891202436,262.82304474775,488.667287204403,744.13906385446,159.545800226864,166.796352523214,284.513702506643,303.553176530052,332.721230411531,571.891509136854,298.544774683028,355.201438604074,722.483608824704,1065.30326294394,439.21627514637,339.989549981035,751.850076678251,675.528851426205,254.875724183239,225.220313398299,483.21086443104,611.962399879339,254.067688888069,358.763278469674,284.999737230953,888.784130623422,1293.02074766562,279.978257581189,216.395901880851,258.407176254246,159.014015731391,248.149560056004,302.988820945759,947.31525808409,317.346131037193,306.421549075353,2496.06316175707,300.858498761426,433.667452751372,639.797943261824,638.769703872145,1121.558508829,372.134491554544,1020.80313749348,555.361543363319,456.481303949448,134.689694542095,232.358741721376,211.679125477276,232.226918189782,438.58575215713,584.732248336348,81.5137271779664,549.760289632477,822.011350079606,999.79843208506,561.365267495152,3269.25714655802,587.280329640132,264.671073237074,2131.33863591702,3975.73035281481,723.997799782105,1192.9808868037,2493.68424866407,92.1944008061719,337.074300574692,433.447142164063,228.820088827676,509.583483613268,191.942250481272,1099.81487034825,584.380528740499,682.119972489028,1085.74451788486,458.251039086392,418.88438199779,103.616235792226,634.003078833435,123.990814194559,1302.8627460014,158.596155858806,335.25594028651,1565.01313369833,397.39915646611,169.894725887194,851.632845875119,1212.74948053238,1157.43665801323,575.339677793286,227.719745828399,324.98539537302,259.499666795631,95.6316725468316,512.64370735126,292.247853236711,290.468053108064,503.390533790652,85.8181473774751,150.977602456377,516.434051004552,334.614171085226,120.572886418811,600.947550045599,1.8186614927647,365.257267891463,607.421106756392,0.7698177519458
"bin_m6.vmb95_sub",54.214181505126,83.8873812611391,46.9103465874994,70.1650527070772,107.102258516288,73.5691917441536,106.559895321346,166.942887228508,112.019919275783,1011.15479792958,147.040373217969,5223.3624697219,11.0134510175139,17.5713183185611,40.9106385684592,36.8709225893447,69.8484116810478,12.2143527496424,52.1923791599081,19.489482422116,50.7687105810611,33.4370118001988,66.3884510314683,41.4813958698495,87.2197180775764,55.4541285788796,69.9923705857656,96.7271993333078,51.7617459732631,84.768819472005,66.7385398950759,69.0380491546426,61.4103786616093,332.752757907668,291.467564932745,678.072589075415,1841.83803454745,482.904116886839,191.287899759722,1260.54993688359,491.226727601326,17.7397152230232,275.557918467086,2680.38983478089,33.3249480573323,40.2144339657171,553.513304728363,1341.95305379657,5152.49781713741,184.131015082869,78.3773746497507,723.113350295039,1574.98373246656,1097.17195943938,974.811632293471,253.522568163106,125.315969627653,206.872490118904,53.9909556628148,58.2301111446023,317.89995725961,40.7373727818205,72.5924010304164,58.6910298244681,144.412600342459,24.8779926429948,91.5474230545413,98.3954011088126,64.710364331759,56.6204982759373,62.0801319071092,31.1450739203906,70.7512635595103,122.01525261605,27.0570123307394,17.4157583464005,74.3482263412421,18.7303310704943,64.8415082474791,42.428974778577,49.8706967994109,123.542886280707,117.102281586297,58.0656200935383,15.5197729067572,90.5781758616994,50.2131749688628,27.6073798063491,316.235300478803,122.740633443191,56.5486711897951,89.4978300881502,1017.72240104359,238.375510842783,172.986733033136,4282.58145616965,34.8066729323319,191.25021614027,93.918396385114,238.686658482884,216.1798594424,86.986703937576,129.422407499565,63.6802456622103,18.5787734621268,10237.7662208494,1241.43889418546,1200.01197722872,2168.59058902738,1667.7990363766,3020.75840895603,10.905500029788,21.5300433166419,22.5034943786173,56.5227661147071,7.22372836915682,41.6063850559604,62.4779999428902,14.5454702432663,118.542184061965,634.434027582341,50.2995213074637,38.9537166773732,0,99.0089525029131,177.010731964489,0
"bin_m7.cct137_sub",204.455341084272,461.222261297155,1001.9919424845,228.123709015128,314.508270284035,176.470416672143,677.324753037959,1413.31600764224,596.023824061289,1095.05330066522,1147.76632740806,673.07108720394,221.120098257607,54.5944724688809,31.5796970790815,202.674479850004,213.658265090051,203.631210036103,293.839920970878,151.880457524251,375.609405588457,619.081146568795,363.643747062432,129.889829335628,993.244119411441,60.9529392005585,324.065659235459,133.634663107334,686.500406142041,456.178149149551,588.495663757408,206.350303103436,515.084452700382,148.304999471641,229.934963620995,233.377832573502,36.7944053771759,172.150336113128,1096.47272777973,1047.61531137618,634.90562439214,616.011483648228,311.175917543085,368.885136901659,518.354184524022,490.495201407645,800.718133301152,549.276828590891,532.634274622802,2380.84620269836,1266.31586168385,559.828764633761,606.613423664699,12926.7314933084,202.896250043864,17016.0022572136,9169.55427230754,7687.89961086648,428.72009056063,487.657619210131,121.353155468801,271.025586160353,332.781705248427,638.249344668627,130.766423564372,173.413913251079,250.868322333853,219.450263898559,218.603640505359,20806.4739256424,1677.20642095539,253.486608945201,11122.9636086871,5277.17886497923,13487.5153909107,414.859270134348,579.933372806691,241.871550497192,58.5396105299079,251.967209745114,299.738303853038,81.44573054627,1043.01335556783,141.916365831498,60.0955477803896,77.7865631997599,70.2070259199372,144.467146002817,305.467390421249,98.0003342557673,420.866430812769,456.234749886038,294.838325197229,858.08695029808,1383.39486882007,615.25391978084,468.850317788534,1193.20604194564,308.654080938061,514.114751597337,12789.6332515552,671.740194895218,719.772525632211,3166.04367693855,2941.52940251546,1019.58136970953,532.893888804581,482.697204942333,1447.6970695043,840.129188157714,210.929955298126,6416.88022330503,42510.7682870403,3638.9078070308,9555.62076705255,3078.41680738988,799.201360408664,681.046457229693,815.889376377884,950.638897451718,812.081515263364,198.529150480847,304.95859950686,1.65619921639454,498.771463134971,828.11355864738,48.6783214179868
"bin_m7.cct53",0.188650513124756,0,0.099859663626149,0.141781928436889,0.054105156935391,0,0,0.088270250640849,0.038790494983463,0.099900475438479,0.302377162434581,0.089031945880473,17.0776209925651,0.097491639209454,0.422416910355881,0.456968506292661,0.179255377977712,0.280043100852439,0.191730088781652,0.103086704902886,0.551639698684437,0.304046490964079,0.457906633297475,0.047295345254296,0,0.05570943185919,0,0,0.623292152755369,0,0.048310311634289,0,0.04801627091558,0.150683310135135,0.095021853529357,0.091840563806202,0,0.318376126655034,0.131306230177838,0.078145615302419,0.091078451618772,7.20885324637555,0.260762310965507,7.43197624461374,11.5555154628891,0.64200166551301,0.242141655089932,0.324503389919788,0.096082825235669,0.367534521277513,0.207282705527707,0.438627466602812,0.284300736780453,0.119446205348409,0.097288587272896,0.506043458680426,0.25239399297773,0.508324575043031,0.256558774547657,0.149049266354663,0.465038116092404,0.235948535241251,0.416088381831709,8.16645347196095,0.397877637461453,0.093847314269082,0,0,0.201530255675722,0.16271314399158,0,0.711307197081008,2.62266845286962,0.497202579825052,0.30322510561736,6.28215584760131,1.99286980089897,10.5318884153783,0.403706665071839,14.980206431666,10.3879711756845,0.743115824904556,2.63612627220137,0.45167283764897,0.243730609978173,0.359647637880184,0.613844243250978,0.187122667845529,0.090069838247184,0.36185579638472,0.094660170760422,0.106064226417081,0.372020810559942,0.064667989448744,0,0.106151822163138,0,0.055998342043282,0.1290575555104,0,0.197305527142662,0.13641454934157,0.066174972209641,0,0.274711130707724,0,0.120047522700187,0.441267749128116,0.417065916517253,0.360315068921018,0,0.898725541582178,8.44854379308482,84.761369583329,10.0062808878421,15921.4699755475,1.20513466176349,0.352240269338906,0.732835064910606,1.2480472454586,0.507865829494609,0.216864663608998,0,11.976280303924,1.04452386810832,0.130375850309498,1.71691479104787
"bin_m7.cct54",11.2342757010071,2.61161826264673,2.02276765194032,7.06217059261313,16.9963577351572,73.4289666488569,3.11950008508051,3.92776254210645,4.14769925903461,5.5068304996223,2.94534702006426,4.37556003297702,642.808435389266,3.85248006380438,4.02109707950466,2.60133055437971,58.5327624847176,15.7158417996362,23.8752323663661,9.89296714193577,58.356387786439,35.0344687412281,107.481730893246,3.36092049823326,5.13844453658288,14.3061088646256,5.95728927491788,18.7499733304462,3.86353185531166,4.4805843720532,3.56138462453886,2.70166884950792,5.54873186155536,14.911024439812,7.00490964985712,5.24552612143365,3.40130013584012,3.94696548597569,2.22372754121861,4.2557345295936,8.10543819835301,372.282407699554,2.82862716720554,527.645334042264,544.176025587929,7.32590589076523,43.9560001172695,7.32747282852826,37.1385386561434,29.6746577559968,9.70528397282638,3.25293539018664,11.9582159800867,37.2049959562465,9.04577944128135,28.5668794897015,3.82181730917064,30.552429250364,8.74666312761196,10.7402809622372,17.4807895098385,10.9691098879816,5.41623778275281,438.306743113239,18.8494251790577,4.42523418639598,14.3794173182104,34.5406009248736,12.7485649777382,22.4771908601798,2.26401300006282,10.8990275716913,15.7141074690117,24.8482575185132,21.4583989505629,322.023679041134,3.33760659783557,587.545625090435,36.9999440687651,855.937440132086,933.408506529414,9.52510738330857,64.4492077601452,35.1341652481344,3.33452023633305,8.59875895307756,25.4457244883263,6.13088151368458,10.2090222583767,40.6142371153088,7.66978475145554,7.14975290126961,38.0137714754251,7.38709811472385,70.1929395792927,2.89046271637049,33.0948534688158,24.0994003495348,21.5993179383523,24.7695134004202,14.7417090482781,28.9006384733728,8.92166408090862,1.65398343090088,4.88040770885678,7.14034305884449,6.53767182675881,25.3497894472712,9.69457569238954,12.3238304872792,3.58222272302125,25925.9226100694,449646.276519516,82714.6784211764,41060.8986591391,11075.2121816911,15.8168662180623,15.2057701984524,45.9584869649166,65.9643387473049,8.90448859236342,3.98475562340309,4.6963142589054,3120.48693946619,5.47661344280974,45.9777523401637,5233.91844122783
"bin_m7.cct59",4.47034336103357,3.22478899268959,0.373629056964454,4.77434648421393,11.5388907555989,20.4056165756507,0,0,1.16108991627409,0.747563512092693,680.322462750145,187.544704179141,26.2196493524193,14.0436063374947,7.37562149999371,693.18820783861,18.7793592641172,5.76286057200626,7.53234350537744,6.94265697396509,2.94854674649422,5.11921128163413,6.8531063440075,0.176957488183883,0.58481830481266,4.93305966625491,0,4.96257301045709,78.1244568777297,0,0,0.195133572639879,0,1.12757566011529,0.177764095311311,0.343625263694655,0,5.55901467785283,1.47386305461347,1.46192524043833,0,546.909970619346,139.518373189007,21.7500658058328,207.898065969015,0.873482092568531,7.24786404903314,10.4416284206415,6.111463621594,1107.77800172503,167.326380940363,585.887975077748,39.3577492237948,732.490262764814,3.45808805141265,226.259209568722,2.83302765567504,4.75479349490448,17.5986296602488,21.1916115343358,17.399593235024,9.12238232103925,25.5317146762528,66.9651199700372,1.98490082413404,0.175566801728252,1.15727809072461,0,0.942542221800158,125.047099016402,45.2887561712393,11.5960357937876,1047.83877099855,817.138529087853,32.1449956949319,83.0672162628289,0,6.36234564545571,9.06291099431814,947.182034939807,64.6747267921502,283.600653044642,957.960906243301,4.43612552787044,387.934233516025,486.67186578908,12.4405861444642,5.36764180803255,241.853681638282,51.6737893737702,24.7922457720303,5.15896790468978,19.4870372483382,26.373417002821,179.428645472072,88.7678141756242,25.1712176632275,67.6749956001594,47.3216692189264,791.298004921232,88.5872137316718,57.3350088283546,67.0986223437249,209.878273974723,8.6081854993413,65.2194931740223,43.5687882740627,23.1143011887084,52.2757234566231,753.606747289971,741.393696772567,11.9793292716612,8819.97779666567,8.16570086550244,156.061154520082,10.6692017979891,77.5129079068624,8250.18871426832,7.44238867846734,759.202438574601,1096.7960071222,4.86844858940178,0.867464667076511,1.75724500132516,635.996605359988,177.073806746967,0.321195381084562
"bin_m7.cct6",309.184788075684,468.598844324302,35.1895036043619,93.9046918184613,470.726372564088,31.775258656454,661.054590660664,385.56127007078,65.7607323949167,1193.48306958253,815.238358254508,2081.64957914808,635.869495011528,703.059573092157,203.502645066868,14.4554795934875,330.421264160711,187.200053766677,713.184889525499,503.541773964483,194.954985852445,449.112983233714,537.041043846908,45.832562118849,611.275679688075,200.337782912337,1206.22863507268,1347.95693910231,3504.00164262642,1119.40624981455,1392.86634380183,2653.48608526798,1675.98031211366,443.405448664913,188.464616645567,1967.13083037339,677.098457111321,1832.72896629674,354.613648722221,562.290053762404,977.057131893369,143.904733800293,381.839861105907,305.643552728282,1034.69467480037,523.341423809608,1108.97823726378,939.228485760969,350.939659700263,149.767728007416,273.730907141218,741.420384047017,5787.24091505832,616.300606339679,2167.09834782272,610.279232551755,1099.9839487755,1355.86791937959,996.327597065498,1438.53802596529,6306.84609288006,1704.86347403578,1790.21449151002,1121.43027433631,170.523156037954,526.786790493026,236.219190947565,677.80073433598,1587.62938731083,550.913683545292,598.995397254741,4944.6736605161,644.008452355558,3066.0095493173,138.580469692201,46.5965358593986,170.821587355457,58.1201006569407,795.225449383699,95.9140305206774,169.971150106276,72.8094374829166,126.513616935322,70.8444656033274,24.4897218609444,61.7981087928602,34.8949751923839,158.686871742544,770.15168589425,283.173442395349,2552.95706163592,645.681762443611,381.583734279066,1189.0732308414,2294.63639206724,7166.93965132613,242.161581198964,2205.38861833572,1470.60070289082,807.924064601408,3558.63310774284,692.212493998113,856.435368157899,563.255703873579,210.494373656346,1059.63525460397,1326.70047164951,2319.33897448538,2276.70595229591,5622.55383510586,1491.19474414625,7483.41045992646,192.699199669992,16265.2160116417,1020.15148169297,1983.30164911874,2376.23658479559,1037.03747736603,3635.3911573068,2907.35255738962,1132.56848617956,725.137431068502,2091.50316082158,3.91391277104406,497.79716528284,1124.6744116956,21.3597597329549
"bin_m7.mtb146",34.2836832571137,80.2610983194855,67.0338651116035,31.9769444534913,59.9564089601166,14.234405652638,2549.88962968586,292.508413044666,1528.81064163316,18.0958959046327,1427.84046937689,1134.43634851007,372.874064097604,126.906454131204,41.2587767439584,16.8100341131248,54.5414175104926,233.24378643035,82.5684969278408,232.131604864061,12.3155130059005,39.6862164861901,49.6042779481342,32.0004244147058,313.106349488551,16.1260757799667,84.7490749882662,41.3881293984164,66.2288508898273,140.503772706599,225.121011883549,591.456389360666,75.2089241236619,39.4033202076432,31.1338071271308,33.9242487197523,32.7418909757437,66.1513511399024,10.1434794173703,33.4452171566825,149.77488263388,48.3504913321496,771.338978681183,3545.10487191702,114.394493284708,81.1554320434542,123.127136142444,147.757529581101,1436.03112798104,37.4833598867633,60.185682266454,65.0421159731313,584.822269606804,544.091685438,10666.6198133796,3265.76628241167,2967.48632710204,68.6067838632299,27.0332326873083,17.0726886318068,31.3822812090232,18.1573199222821,82.4635727046892,32.652559409407,141.787233736747,45.6651379306749,237.841395931619,33.4408641078515,39.9050156752208,463.662302001728,19.0390756823234,17142.876710889,7675.30734665336,798.425232277204,59.1740508574263,41.7047875500897,291.897774246093,49.193617618345,40.5783807842231,102.164355419746,330.583446960832,40.382230075089,387.095777000306,41.8102153589986,11.3402787322685,95.590484102468,78.7604885175038,11.8522631712553,77.3105019167617,25.4902211236158,40.8494223579045,31.5497631040952,39.7341249336027,208.20901297368,28.3878395190446,30.444745128323,87.7265644163361,473.661529394954,215.094880734344,26.2334234257018,7734.85766100025,35.4500066208614,362.426962680254,50.7557445931108,13.6598726443994,286.621748801282,210.737701306136,688.032678493657,155.784830775318,3485.71621548578,225.10064920832,148.72949649893,8006.60036964279,17096.5431764858,4091.56688352673,325.825208255467,1108.40338739879,412.227330190018,420.359751112196,193.56348163529,191.745250809318,202.960615195517,44.8786836432217,1.45959438110115,952.367142892087,443.613772783809,493.179929141019
"bin_m7.mtb33",2239.68083087786,3352.74611576735,9453.88852799955,4679.85891883223,2987.79539144462,5330.54269530984,148.298319784728,93.0215365030604,3702.25437544691,3368.29152877098,1146.24714895432,4084.21536327029,3384.10338244138,15739.8035629432,4161.29695964026,47.5222750173246,7024.64168494822,8542.58669081899,273.699293894777,16879.800930046,6091.09320048078,389.721312316147,578.673890544398,3704.21823771028,363.312916386808,832.155808387252,2761.72642915079,4655.81954430469,406.527643947823,129.999647847996,142.044437385497,430.640779565475,719.967165922745,1867.29447121809,120.803035616284,136.801820320432,240.380135091731,235.731750705353,557.127073510739,19.3906664175617,137.640685343599,170.679675840785,15.7213185969243,242.093435593568,138.184503382872,323.404521641832,339.871799445478,32.5963177825795,724.293795364686,326.649655916058,166.463692827166,13.7687701554974,13.599031994569,265.677833180933,151.533846727067,229.197816494007,17.5810562376257,216.17397529987,759.077018487171,265.240155887294,5103.11832751751,920.294613096612,317.699484446551,989.727681823448,932.755751378155,9133.61929753069,11127.5152677557,3401.58097751739,3612.23245961879,627.026046639005,1797.81804536755,521.98201941691,26.2492143407754,36.2316427486491,335.712867755047,158.950198852107,7.25302457777565,201.378645284998,9871.70309210539,92.9560835624191,169.936571603656,104.637521623615,243.815579708365,260.610140754053,152.798303924439,134.936973696872,265.559447611858,884.253369296148,341.480370720917,1577.16910899511,327.990109063824,2539.55282008254,2688.39088730583,1101.88467890079,1420.18338402527,12741.0965084685,1962.89755184867,972.911728297485,522.121405365339,993.87255090229,13.5667903894185,14266.4315096951,662.649351708537,1145.34301434637,11591.9780858559,70.1798936322352,29.7879984427218,206.785348709235,22.7550396377657,99.7747559214999,28.4313679948138,25438.2224463985,98.0736133701191,8369.45656857042,765.419296420027,65613.772418832,1592.88649877073,514.941497155018,18185.2500591595,578.481509932231,3246.74340340956,458.264106703405,3776.14251092192,4.73876941230186,282.274431135537,437.125819518716,566.538575635985
"bin_m7.mtb35",2.5966537205356,6.36418507425916,8.59065272309897,4.49937838437468,1.79974700622847,4.92871136689442,0.946488569792755,38.0694853296154,14.7274689585863,3.78143200656123,1.15611898607204,3.880648104324,84.7711158186146,0.335477523332964,1.29206638799909,3.07006017228453,2.60440989602012,4.89857230014678,3.62868290244649,15.7263921059089,5.15237102287722,7.75969786473461,1.95086422015891,7.75763315030208,38.9049576880914,11.3955701138484,9.6530353632006,7.60678549151073,606.38389804042,0.281397804791932,1.44074787533345,3.88838812845005,1.21167433807796,2.46294558674851,3.81475229399493,23.5443589082085,10.4172736614312,12.2946286218217,110.097513474767,8.2464540474387,10.3425024920334,55.7403786123116,11.2661832470781,58.575662647884,61.6664362021712,1.00417528792681,10.6468440569908,18.2385420529864,13.4456064737635,35.1110205275935,8.55934181565564,2.51559445430294,0.978304476468317,15.4819479008371,7.92309834490684,8.706705907992,3.18453847565363,7.8713581893165,1.76568376473131,60.0083602962929,47.6870953640088,1.53362702568002,3.05450165135907,41.282846624126,9.43180397624644,10.1186949392701,15.2556403857249,1.5428080409766,1.27138694078246,60.7689641821693,11.9572420306489,92.545321014227,1.5041397809883,2398.70832597229,2.43465818501068,31.2000758129818,0.596316932407409,57.9481334336497,1.7596419903225,82.6648969272656,90.365750757805,4.34711857823981,1.70084029800318,3.49705568456834,2.51609703331301,3.30021322325916,16.8983472312416,1.43090217051345,6.19876873692685,14.0428456417826,1.73724898681854,2.31151827083853,2.07263540490817,12.3132372550356,124.466267821443,7.42731921015901,13.8348408269915,3.78967512788531,4.44098688268202,10.4013024063486,16733.0796095083,9.64908133341878,6.67961206653619,5.10107685467351,5.51428369964106,40.0611541535999,23.7529252830957,12.4006106701831,9.00962455846517,9.60904403075433,13.2692182008836,1133.62959113158,47757.7047317722,10596.1806304213,7117.98615468891,2169.26935081051,57.2019534527992,684.715715362437,1762.38411317635,2.02802592417426,1.98062707378781,17.1637699317229,3.72309472606881,9.29278034754433,345.178996096078,3418.15051885986,13.9824054605091
"bin_m7.mtb36",9879.34612668036,6093.96541520767,8616.90841444476,11140.4340838384,11448.6321495354,12957.7450310455,84.3450109734412,114.234351527967,289.773181395343,480.059100701597,219.680406509978,386.938910441639,121.884902624155,642.246573816873,374.410638920822,150.391492281921,499.089557284145,669.619996382212,234.972193600433,683.572057928066,646.06201949941,271.944551535094,369.900580156457,662.00511491736,119.990823181086,780.369321088526,716.576723571752,383.325286474545,842.639588646562,38.9774067072635,52.2632012670448,145.081516031058,73.583114103342,313.565397523043,67.3188767050621,171.583422200154,564.351698090839,336.455874887523,762.215349426947,8.57812871633151,50.2520002141202,116.578925889839,5.64950544529585,213.200500059236,49.0055088180364,77.1327676632881,428.663230916596,39.4644160308561,352.912040833294,145.756466621041,50.1478399621983,4.75150770802284,7.25449108496769,289.49339876927,184.782994651255,88.0743027131259,3.71837800500187,47.7231183865643,4266.16014575604,1610.08100783745,1298.35888980855,11920.3978098854,3608.16307045795,4209.35710273934,305.536651312666,264.117154593156,415.474607416892,264.025648600189,207.177258997439,275.955506183893,900.763329182567,692.821754776583,18.3638939016883,37.8817635197071,7823.56528434601,413.493391062044,7.50890641616679,262.165861759709,283.501411373629,40.0916362891357,280.513512644594,91.4472091447537,220.359391634276,329.857880661296,337.248429352115,150.123750687966,394.984676061866,18110.013158559,1738.5620724158,4154.62172513809,12910.0709294045,16427.8162372432,8901.64925781921,523.714099448455,125.220758434625,430.295546609562,3469.97677897832,1121.50371379469,146.514407160446,3900.50981970644,4.98714104872324,2699.1306667727,585.237812439649,4078.91130218689,10124.4067298732,50.3536806866765,22.8876648238192,62.1414173120524,21.8869020507959,31.4856128682703,11.9934227870626,7300.32040426664,43.5326757274914,216.736799312448,203.401823989684,22039.5419298001,114.38516964685,87.8702003546801,840.98356556599,131.892058705368,415.623327316689,13064.0862240792,486.565391454226,5.59641705550617,2729.17438493188,695.425822479582,377.183171033135
"bin_m7.mtb7",2585.2129616517,5087.86019633535,3937.90341847928,214.726181011703,1001.42911440179,0.983256391974451,3038.87448704671,181.70714292129,1662.18775978292,767.317915999656,4050.54252303014,46.1719104990333,68.6115973858075,22.4277470021414,23.7355474638634,2087.34564697689,170.992694918656,1420.09007580044,416.355857656991,23120.5770495664,14728.4703531167,842.056479612548,1461.92320682122,44.3649327371949,1018.2773251178,802.131508620468,1610.40930420975,1139.57598523628,415.534027663116,573.979229379374,0.574845817574357,3.62001009732434,7.2370622333583,555.07831459471,163.381501008319,1084.52639760877,227.914540870264,950.03822895076,181.370537533366,0.464928486266337,1.98686614839051,8216.59644865091,738.64315795535,2670.21879715616,1837.87638167233,2419.42618520389,6811.27658019898,4831.35645351087,3867.18640957297,251.881489028321,4725.43480661521,4.05940975433561,2.2552685467886,51.4034629687659,5528.40513651509,283.508806711053,2131.00150658925,441.041493511009,227.942429603055,4.43385399917866,1335.60298269214,486.95543353957,1626.74929869815,623.67138296262,3987.38126159682,4853.42238716266,1989.27315311653,1085.0197706628,534.257632348501,1350.70776605984,367.814053410147,23.2756294030285,560.938274439399,43.6321822816296,2657.88872182696,19.3727857174791,165.992514203269,556.539306823544,105.841908239548,108.347988444964,219.360822009897,3718.80062348804,95.7357477318013,82.8563873105589,1885.48918576566,4.51720546630837,114.22880100944,4671.97939528809,76.5105884690183,2237.54578736707,12.7654604023982,892.067028404775,593.702984924711,1.15422945975684,13.7994908809877,42.9455241284812,0.762387765050077,0.999488875947277,0.639858185394001,30.7459123410306,2.34774426463772,1760.90225935819,2.75596278528951,313.623866573874,1430.0981693971,300.144949780535,27.0214935796825,698.775057130214,582.012034693602,1039.69440099986,2.11122478686268,808.730847917055,28.7891936956261,27.6066358613256,36148.7698528052,75.1716904346868,3465.48374772347,3915.08954460881,48.1677624970533,2466.22272826278,493.319247866077,2.15039917010905,117.476889923478,1.39711873744692,292.622398310186,168.06249129516,0.851234147688071
"bin_m7.mtb73",520.869224344614,378.857815362919,500.625015752591,804.026119051211,482.299673589617,1891.25939374753,690.345016911098,1768.07233776862,2686.41746037603,4284.23275039756,1014.61527480811,3067.03413534055,98.8343529083483,2073.46733174442,1367.62597773078,513.082738948814,2677.01436324796,1016.88220086296,2177.09543392696,275.192984003536,5496.82438429344,427.199670022851,603.403471896783,669.201253004686,675.062835945142,188.364883913272,535.977257295262,1837.47620902276,3596.64901073307,111.371439504081,131.443103710946,656.636960709562,354.213641696387,729.056094509285,77.9621541592399,2538.9750858978,1594.67515219199,1957.71622853326,6001.95287164464,157.932258712392,1342.66349024844,1917.74573603232,150.39179331742,3292.55199959339,2698.41816584193,124.220556502786,5845.92912691399,47.0625143357652,1958.52750329399,4166.06968565384,1677.1111527985,42.3386718882827,21.9537836157339,11680.7690785405,8897.97368394566,414.885920175281,20.5253386393765,77.2792807765573,844.776508163407,1940.99063472147,851.188116025915,2732.90703673399,924.754887789222,584.83012376121,1027.50126648887,2552.78286698339,1922.52639298633,936.251737687338,736.226912426137,6935.78412322367,1927.75469894554,7697.18446149722,53.1760990483577,38.9940325784013,3641.90619727466,1514.81744102385,48.8224299315134,1268.8234828383,2390.87729156687,100.39768905256,240.047003530601,462.296748280173,1227.934632316,1466.38747736289,1801.57632702015,924.145314252086,3660.07831726968,2192.20993509305,666.795346960315,2237.44606887264,1190.22234571363,2016.3518640391,1945.45807794358,1174.68531287814,696.158016672133,307.070071070559,1542.49584852751,904.299971273658,574.983469333107,491.82389142553,20.8304534743346,847.216501708697,4631.30232031601,690.978324071623,1232.06846670494,788.542344994631,404.697968495664,1668.601384815,77.9987815017505,110.207667083428,561.829305225602,5944.12353346626,3139.62949794883,8691.47805699885,4694.5870435771,819.783282302834,1264.35338704918,1232.56495619681,6932.53688201522,247.336279932493,1052.99104437089,25582.1442910165,3950.19125035244,11.9001513942491,6277.36168454621,5700.96988328437,1737.01364145822
"bin_m7.vmb113_sub",96.0643872004426,203.400437081536,49.4412374954759,80.3430042848128,315.053733358074,90.0121422461448,281.790599043183,368.071885203755,229.393936947837,192.68666733741,254.871660006187,319.789754887704,285.93787392486,134.005227053755,165.131854384518,256.531141910634,378.863095149337,5601.04379600936,10274.0429097346,217.80547222243,265.572870989786,10395.7660602543,11875.9203455289,1401.05665264908,24385.538014456,5331.0305786269,4159.65716949757,4651.41262634376,116531.612443168,304.763174788422,227.206677756365,287.590548435486,261.548461082684,178.774559353233,213.518669455832,45057.3559511437,11950.2753574463,13742.5462328671,28112.5958103979,66393.057189302,52778.595185097,158.274387513347,585.110312780698,175.200243058832,177.117156261426,392.212055893005,4484.56799382495,10034.0051490961,357.606916728242,244.222776010092,2006.02175191975,8468.8784100582,115390.505574372,63774.7312537448,36348.6772576134,66816.2530302891,363.594944460683,16262.4272225303,7451.97747611628,744.75587591368,265.34575875127,5901.1127615902,11700.6746025291,6164.4437492884,3062.27711262071,4724.10483639158,358.563076855808,2731.92131399813,779.626160815518,36188.4174636566,5450.70850666408,280.322996864969,138345.910594246,236479.398264064,73109.5013214662,143.54855700846,311.715920089271,132.448689992007,316.604927773899,802.226702558497,200.361763790842,2266.52439374196,436.308214724384,282.075837997299,48.3276545057289,7137.32295176478,468.195755473813,3029.53755225954,8103.85323119908,740.386905673184,9234.40546590953,712.542135026487,1980.91805547634,7820.83432310204,690.115704702519,221.413109096754,1800.31791758672,606.75946678204,664.741411942848,5407.88159064134,412.313038808258,1570.3589379169,592.051466772125,4824.77290502705,1201.02899649019,433.744294718848,499.820766198187,3946.59090348868,16892.1331530172,858.706482845083,18310.8431245519,7823.18928695846,82.5417646126286,2689.48353882042,18048.1416624329,143.210079747693,79743.3368418909,1597.08267505001,288.03168462713,31527.2654313466,405.793499912882,11835.5808943324,12297.9522807199,17.6971802966747,36821.2171876896,80739.2758063429,13.0936593108281
"bin_m7.vmb18",18.5668686507501,88.6497861119384,5.76457466589337,4.20411718420916,59.3429910248878,9.93130448909603,65.6545331216462,29.9885966737424,27.3482114507309,20.5151465589462,27.5659465800813,34.5864797915365,266.911253930121,10.9328416506632,9.59400349582289,5.86893325223526,19.2254799922556,6.29413171156017,11.2493984033358,18.0476940995642,12.7526640179874,11.3653921748389,8.85242522886653,1.79029964860853,15.9750234033528,4.85024740203268,5.43656783708292,8.4873624486741,38.7332523710914,9.22848418382427,7.04057119977252,13.8193245778963,18.8574888720347,13.8319758246586,14.0279894621623,31.4622984660977,38.0618822298071,52.8265585801787,19.3846188517243,53.1717360742412,46.2846793542882,108.056056085659,81.1050350700919,153.546127488174,221.423472786232,43.6885155036905,34.7541749878718,59.0228201159063,40.3716100471078,14.757197221052,40.5560753952698,23.5218147381739,44.8408740878297,14.1295947249862,36.3208697357104,16.5216814877784,29.0920039357169,26.69816571102,24.1173294948019,33.4996902652491,74.7263158857379,35.2050128011172,38.9823592036569,136.100393337767,4.14180407066016,6.8828909041127,9.95207037218801,12.728711049382,13.1594179800575,24.0211928571145,26.1823802481495,9.52010399421523,42.1389713081303,46.2288688863903,45.0517995731928,79.1844274460106,22.3852048007002,161.90778452845,12.6838570326181,205.021327864859,190.083626146245,15.4009659131197,24.0112230742829,12.5559386296747,2.35265140530201,27.3413739657558,58.8650952564595,10.0936581323648,16.8768701135573,30.9907044221966,18.7223734880924,19.3217739799321,21.1737911684399,53.3033922686689,23.4921258845061,54.6981543658651,9.68618106065614,31.425138269643,20.151840356228,21.3151939464208,45.7459520768522,57.2319329246843,24.4233767900803,16.1047888171001,7.63662503153536,24.8039508875853,22.380344302661,42.3853295888886,18.55025537361,20.9703112300321,19.8130931536061,37402.3940781446,444.01900221137,76373.1977905482,8411.27194240046,184352.543391636,50.5064177384353,29.6671854311968,47.3899426024124,44.2904026742285,42.5823916666347,29.2791619693203,20.2950589537369,0.111114085248629,42.7125263254045,21.7148661472074,0
"bin_m7.vmb21",78.9004327896126,69.0030059925991,22.4743881111037,392.485636790818,416.449691552167,105.307968316699,41.3088616075462,11.0918935774862,19.4973975513091,22.8582994263352,32.3251370214611,19.2026089275971,77.2562499415135,75.2408587636743,40.4043387329898,132.964157738924,40.1190367951062,316.970382450428,48.3647658207851,775.385562297117,65.1797354773179,20.6711452200761,57.0490450712886,9289.43815514818,3985.49371342086,8492.61474117514,9767.58121706329,7277.16788971842,6154.11093666425,2261.90473693151,3365.55531810435,817.13244244857,1121.53755700393,315.741775585332,741.812719613128,479.44886891227,15.4963541575777,24.4816611810568,62.4280584176272,56.4263393187229,32.1136758686299,1499.77509024178,56.89387641711,97.5705795030255,607.747816151498,127.850621617979,452.773704344518,572.9410815632,395.365636390579,1820.36961340382,1327.9981259908,651.808893835993,33.4142033522026,126.123868703523,48.0794009813702,209.747416686715,91.2646464138744,240.247113592005,252.617078068667,3569.60586686949,1461.94461018868,1215.16247588333,436.384467169479,226.991061468643,702.689168977842,15924.8947987324,2253.40287292003,66.4292671034956,49.6085004508155,40695.2069448261,826.616052541805,444.240314621127,15216.8690644504,10415.8174049111,157.718907151217,61.7484340045203,15.2755014321465,51.130252889571,50.4262508919152,133.747995680572,78.5539071235779,30.5222929443789,48.5134779795699,62.3685738612468,39.769108868539,28.1049296229985,177.39051068127,61.5329054029725,399.678378429026,700.603037637106,847.374224606245,122.43723619865,1253.3119548148,2040.25062234198,139.32038965408,54.3508865006623,1846.28756422891,996.264879643026,92.2199626725321,1135.35895782775,5062.23008268997,639.442364038404,666.724329300173,1290.25394405035,170.344641822121,2384.85612684731,1756.16103372506,1291.46455726625,1934.13509681873,1779.30261095456,779.072699961855,4950.69356979251,6405.68343267947,83.743982155096,23161.0420492931,34.5668602098668,58.7659088605576,20.4794000612616,35.1461504637114,61.8337483069363,20.5740256102697,29207.7642738625,3618.64094185414,21.8008540019109,23959.8328590012,8943.5490710606,102.076209797747
"bin_m7.vmb22",678.187070340535,126.541791822664,187.279471364029,211.8651197289,218.205228217963,9671.86969145711,22.2436446706131,17.9569119173209,48.0959516518677,47.0244302950691,47.7435975890626,64.7135592914253,53.8212965581955,90.1887036859679,159.94777444751,45.462969406776,295.100475802658,139.72074114326,92.100350678548,125.367014916852,176.93183803967,125.736660193893,80.2334870412922,226.417587540308,31.1008269252834,88.6237397690888,121.596959585241,105.883365510961,2725.67257047668,8.28750933744287,12.0516315628884,40.1151052703444,22.316675134927,96.1003668645574,14.2508771705801,20.3878983339031,18.9612062978459,56.7307423178219,38.6053281660604,1.62453613597253,28.806597709455,65.8512630307177,3.35578122513083,67.8533453891735,40.2805071237219,38.7389386660664,84.1360442697196,13.2028146456063,51.5050356354247,94.8048155273593,101.802782138951,4.45066755089496,10.2725039285148,124.510562430631,9060.25531864019,115.343445565398,24.4356184697344,40.7597575000429,434.171632008501,192.219034244441,115.595447258586,553.684940755262,215.505714710111,146.460207309332,81.531483080396,68.8407388435957,88.1830550133336,85.5967022284216,78.0299445687551,3352.61476501228,1719.74933797807,14278.4949988791,16.0008881806024,26.9477781469736,413.937610711838,187.93476607225,4.37448299422711,119.734438146537,93.1566064399861,26.636823100331,57.9983056345366,48.1104838392312,51.3762317102429,88.1116691781884,195.361814832445,137.42634094257,177.893695636157,1291.76249853484,772.553127926034,1981.09543297487,338.891923936687,1830.71717318733,825.620819197865,3510.11214258963,3474.18602297132,4057.9682101574,3521.85218766054,3103.97525370529,2998.741277365,937.127663777579,18.3111657634924,2425.7443521695,2110.7898061586,3267.04385272576,3089.11282267919,35.5190124285573,10.4281145685382,64.8685376204831,14.7599950681071,12.7069922412464,18.3370261454758,3195.24852257202,335.883565262047,5178.12283067893,8830.84104807907,4216.19264837842,423.515585497063,494.199020761975,14794.8675174407,347.94267434342,1168.90015702691,8441.05486651446,97.7724088120043,2.96392648229107,2930.59592524415,3347.25556762007,628.692876789278
"bin_m7.vmb28",158.539761513819,1067.37262847099,96.4977639714005,55.5614130591347,1232.08492474637,574.907430134437,17775.7277406027,15498.7776153975,2757.61975377583,7376.60989701076,15991.9436860682,9496.41408271945,10618.4539865528,1038.75538348108,3559.32123771465,4028.55651513695,3140.87057924197,5491.37417220248,22795.6318100053,2008.85589813236,3928.33782183287,21681.3264175236,9766.80058159018,1175.36002349247,29322.10592876,1783.76232656573,5444.4448081577,2357.19305574142,7444.98739424543,30864.028133945,27753.077166266,10685.8906725451,24196.8462634062,12184.2190041945,2584.21198804585,8421.94608836351,3628.32682294322,4649.4808701318,1173.73681098262,12145.5538484515,5170.93234098748,3679.20789948488,6694.9857437461,14770.8770343654,20656.9551996958,8297.45986360523,3503.70164271306,10634.6801491612,1387.75881856288,1362.12848167163,5242.70382344383,5967.92841307725,12767.8974894927,6665.58507277425,12144.6998888981,17965.6724812016,14021.8383289015,8608.28623041071,15869.410753401,9848.11738673779,10259.0567645617,4732.84149705958,14757.9851447436,23553.4649173329,4522.76264717818,2619.29660804538,6586.76484288911,5182.68724118317,21583.8123894814,2390.94814297003,2972.15982895085,8575.22191588514,11825.0595548884,103354.756237378,2769.80644915893,8174.58764805046,94765.9577983576,3389.97953402048,3624.72603929016,41606.9675045915,65344.8950311303,226.236190208741,229.075905002705,3686.71643791358,16.7617030621737,34.7050849264394,42.8962824060089,543.910010249673,3660.02382809379,2829.10920411561,3938.37021902111,1293.13280656446,949.411079561145,8556.15028138988,6557.38409167489,17554.4149087613,1479.67532318649,28528.4049188425,6802.19049414425,3805.49774543305,28332.4937078104,9348.48385352529,5883.85359561308,3420.33749534066,669.117063566889,1061.86081254189,2939.06273837785,5526.56239356653,9308.21185707718,14593.6365711844,17532.9712402648,2167.27862179401,7337.91423093407,24927.546336257,18188.491713354,2955.28670740464,19860.5801873608,54162.5396670171,18413.0985319141,27245.0869460714,30143.9166749398,775.768655824535,28127.1295463352,45.9591320787781,3846.90507821799,5276.55209204298,19374.0496199073
"bin_m7.vmb5",34259.6839268455,14828.5573526766,13105.0280549165,21050.7506722818,15056.35115007,946.943653495242,43.0055096751768,38.2429827135442,75.6863098711963,56.1742043229362,48.6234387362352,51.2254729197907,12293.9312142533,17687.4451725892,10005.2848438692,97298.0677339154,9624.51088396045,118.316648956442,38.2932224642029,713.803223852097,173.496992976296,25.8083694456689,195.071004035111,11126.4245475438,5428.8924897217,812.580219022785,615.112872834483,7975.7357842909,88.736744055886,10202.1184427301,9099.52239695742,14721.1032933991,7452.41409941326,55898.9414215005,18030.4628704221,4628.74091208447,21893.7240855995,6765.71600723763,23209.4056850552,2490.85364877358,2242.2026636702,20172.523572403,6624.12553828873,17215.0541196635,27958.7081252796,21782.2221173886,177.574074128504,131.018579949694,229.543208133403,129.468293293094,23.3270052288153,18.7563934086884,15035.1089715206,21319.5024915765,24025.6696380074,1718.17888715335,14661.6608659864,7134.4700195343,4605.26175469225,7586.1234201547,13653.153769364,3106.72840592783,7127.94476592898,7912.69466479363,34522.2573600494,38891.2109201564,11925.1177342553,45544.6083847638,37550.7511166398,11931.7009583125,135.032404484194,21499.6728766412,99.8570429153828,1040.58719910023,269.058806141213,9140.62276486006,11511.8471932739,28982.4828836041,13694.2276150903,14346.4030400319,53776.7164612118,30.9395569113818,207.562249232083,175.129212638154,83.6530024728389,52.6756956543929,93.0501189713551,157.158285796952,69.5581077070069,284.267969741359,112.999518123036,148.448425220344,300.636196228571,2071.39477882982,7294.84928945549,22791.2192573513,2979.79654111047,6028.56807223527,14824.1589020623,415.701173369017,2514.91005925542,336.375238319039,101.667479467494,204.972977474934,279.81956297519,1711.494661864,2235.06603394877,15872.9195893747,2255.46271635185,18657.8597690437,1624.42322278696,24609.9021473693,634.880182973855,8482.50050899379,22526.9070819251,10238.0989080095,90.8998648153236,95.0898943911934,215.902099408185,258.213786068352,89.1052691553878,3987.48132905691,6931.40405002871,54.8382583230541,5555.04397872719,305.260358563166,74.2532437154598
"bin_m7.vmb62_sub",29.9534446835893,21.8798221707611,34.292044212399,26.5836675637454,13.7184471451764,51.8201305415544,22.1096938436266,15.3190751020251,25.1136674127224,29.0187453192886,17.6163183421494,18.6839768984148,32.9429383478556,51.178255841059,34.8349483801371,10.8472855130456,21.1808068603329,16.9757974836245,40.7078762560642,34.7023640484044,21.6302435011362,24.8863218651267,14.8147999263359,34.6947476309781,19.3346158312869,31.6788770147955,31.0748774060966,30.9399220032398,28.0016482961453,11.7763196180409,11.8923835511507,23.30167544701,13.4748006349303,34.8212350364634,262.215390614592,21.9863541782478,24.4579297522912,35.659968897943,16.8080660118851,12.1192078275723,23.6535955706511,35.4915730698815,2.13969876049208,25.9934489994838,30.6649927890497,27.6568855174672,16.3919744692541,7.0296059133168,36.3064020826882,21.1323075553358,16.9661689252853,24.1145099113045,3.61590904129435,22.9348565751159,45.8627132276714,10.2771059179493,5.09473894194689,2.18981901961987,38.4200172177959,17.978563622059,42.4709063127237,29.5253424259295,27.0407407772498,37.9189797118744,35.5863824860748,26.6828921753639,25.6974501374608,14.4267318875459,14.3248907125102,50.1883336244599,16.4186180903065,52.8426938337616,9.61402397201332,7.34367912175213,42.8372951843301,14.573937830601,13.9708058904688,851.236609961689,15.8012743073559,6.97240207383842,14.9338798038064,18.1100968563365,11.1534182686386,37.7340038632934,38.0389396081652,21.3955291909016,110.497673701915,50.5929069233525,23.8720501958086,28.5045756915205,36.0018514745532,30.025886436627,23.221839582118,16.5558608154123,15.7401562360353,19.9249100781559,17.507189332926,15.7148083458316,8.18068625172495,19.2621199696287,13.9638819596159,17.0142219713008,10.1812910688877,20.0704712302878,25.1901992153749,36.6455494518909,15.1452393331837,29.8719758693598,33.5381103536405,18.4047361150541,28.0405827980722,4181.57122935837,1126.94336731908,3644.11502270556,341.02519317712,1900.67673860814,46.1948013834817,24.0929311050978,888.639306575307,9.85688246787294,26.8792113318944,62.6382001565364,47.6559129250498,1.44517637462579,35.0504501588183,35.4640638734602,3.69816141997959
"bin_m7.vmb72",3.88652213361511,1.43970476815446,0.667225714367298,2.84200482108088,1.35566569159204,2.0014554555332,3.28686297637657,2.0642632486326,0.712755687951943,3.67124122175989,1.34691566736488,2.52823519048213,8.4104294657218,9.52677534120249,7.29129080642796,1.63569442811097,15.171104944431,8.18626146586589,17.1343147553565,3.01344584965959,2.36947790240513,12.4431049767996,2.40394352550867,4.18713491768149,2.74146305089745,1.08567091738371,3.5354491954416,1.68802835467403,3.99108456555657,0.819593650399403,1.77535498934728,6.18532444359594,5.2134410868957,4.27894553504911,0.555538583592823,1.61081819091754,1.93909567619217,1.41818181523344,0.87734015967928,0.652675491052515,1.97779682905812,6.12838022724903,2.90386383076881,9.09572547179804,8.48759376457404,1.4623704873628,1.34825157733619,2.27662349547512,1.12348296010726,0.877046828265879,2.51028921565819,0.97691605104554,2.05789289603081,81.0067252882811,2.11265185114565,2.11324820727297,3.03552767025814,5.94376775312181,2.85705301167491,2.98767789540311,1.86432866655397,1.97065216654502,2.91915775211607,10.2922482097102,0.664618178266313,47.1073864530757,6.45832482789551,3.63763734959059,2.77726224082443,2.50053621779971,1.89812270910804,0.678956326555831,1.04761312532422,5.19082127455346,1.80092368619385,9.34000148931643,7.38148856598078,12.0032541383461,2.02306510619116,14.8245882204403,13.6040896035502,11.9165469409753,13.4854359908467,1.03740743790762,3.01275960917185,1.6020225677473,1.28171328405034,7.39752054263101,3.91178895365284,0.805929319451865,3.47866533596734,5.84662923475662,4.79386323333239,1.29626349288053,3.45554397046483,0.62060916241849,2.56861082230926,2.89974326196886,0.862315338776842,2.44311504434508,1.64790412509845,3.19015227372957,1.6580885177691,0.792389067072945,2.23703903158771,0.425068564434388,1.60422719610848,3.68548694297524,1.27722914412966,2.25702504515023,1.42261329062825,4916.18163847381,480.105661976176,1657.84821914121,4418.45428939812,245.83056333622,6.13506180406125,7.90117176860417,1235.61744624333,3.47458116335805,6.27774106057889,35.7422538069847,3.098231903487,0.392260394859725,1.10196727787501,2.61337110601543,47.464556290452
"bin_m8.cct156",2295.16989708259,1981.18114921677,993.745427118602,2614.82314185165,456.731062635511,1013.57744225697,1908.40863200902,156.843196075118,358.317064830386,2428.48806595423,3870.85494252022,2655.18638442149,1767.80055997539,1580.05153496265,1746.28135701807,345.544254232658,2048.77924983003,102.723256086881,1935.51596627059,911.223731856675,1617.72504396133,1907.00365774487,1350.57506902556,4140.2292316872,477.376497291548,4840.82977642594,2764.17661826211,4518.27160161719,356.425449110426,3772.11099665112,1363.90678800963,568.258434177675,1380.02292718548,10591.8660909282,3428.45693968587,2997.25829363175,3154.0453479655,1629.6625493207,4183.70431860781,1017.55562889068,111.975327023558,1317.71970851398,372.852961269251,1886.15752536948,1852.36701301428,3501.40092527426,2495.90846080639,294.02441202697,271.464226047573,873.01676939894,1066.72155357767,10019.9265215757,1590.17807660905,1435.64534981304,616.604218208524,3528.53937190894,3925.89685288964,1884.74463688528,185.467792635288,991.138130135453,367.524455378844,1502.76759946591,482.554388148975,6095.07906737612,12946.2354538805,9233.16508790503,2806.00652467036,15871.96258174,13267.0198361966,2274.19411211548,368.508928972018,1091.15951963781,3831.56496932781,720.782221908478,8353.10129053339,483.132143962564,39.7854567912437,278.94515377323,4431.00441948632,340.788000770891,215.77708753411,674.652422425224,128.386344411955,219.807769036232,145.961738466811,302.486448784361,612.300538392113,31.6256694439309,4622.0985743012,1325.97855802002,122.466772961633,1130.28686472246,3360.37460560255,153.207285961858,695.88204598537,21.9893357297271,219.784979564222,1424.8377933854,3418.41367956792,3607.03564457527,87.6456939219912,2133.20925483958,1678.9250650459,2538.13746909627,1372.48107368222,1465.22295492517,1522.5036065127,2913.19395011854,602.68673522051,1866.24991118475,95.428369920057,288.161598733635,201.026012512794,44.6402478632082,2143.29777866137,34.8479486413388,1450.6530914915,288.930879653884,1076.60873327585,1072.08675843367,187.468814006296,372.686537222081,2273.74269270088,44.0788631482508,1352.17694989804,1790.47938684265,1156.85364828753
"bin_m8.cct66",38.2936605801325,27.4571199242481,57.8709886779846,46.2704992991063,33.4030637388358,153.533283728112,82.2184949527522,74.6902514873947,101.991945575985,43.0218515460321,58.8354099993202,67.92110358641,221.900851267804,658.467734728468,234.02301085158,1535.68174684894,432.819223783044,884.830027311129,1053.70971644427,1242.16470788544,1023.69090965596,1275.09884092063,1812.84024263806,404.806129342031,255.04905799327,658.849503992813,1558.28526453231,749.150995881914,185.761303650175,154.140969906497,493.461391208428,285.834145465117,320.833157319641,151.07513418763,529.413976793378,263.183256287022,313.367226849608,671.435269672759,296.869908418095,390.955346045796,883.889051946737,95.8237161913006,33.045595508013,56.9406404507096,71.827294886496,23.6614899863013,334.964651121205,164.311254151369,550.841849339497,316.290388788642,418.171444155131,666.661779600135,4607.82796277404,6466.66643277402,5601.27545769696,2366.5418459981,8429.37711932259,2804.76530722606,76.247053309193,1047.68765386135,780.416724755728,875.861823999527,96.0331728358211,209.35646880372,287.582708774744,274.064728368502,179.769832988959,234.238843313371,178.577351282805,3349.82222719256,129.818435326806,6165.08002436373,5295.32659504491,660.339208235375,1151.21625024908,419.619092482641,13.2639861379724,434.340968762154,312.124253366145,641.962982711768,152.520089130932,696.420016705355,236.415983542701,414.096970535857,590.000590432447,15.7301236737155,58.0847722745288,168.09284765904,391.721587102905,85.0178032047534,176.118098344719,298.679873938716,397.037515676893,846.13347001125,913.649916895582,955.79709541152,963.327949359222,140.548290947218,1145.21618129221,103.336107932003,2798.17041841027,111.603112477448,110.541306440094,66.0336599527132,77.2323507211002,234.369991110556,48.9718513159362,150.317239604698,75.4214262860454,459.141595934556,52.0536271160021,1435.5014331723,2135.44990165669,2869.89568875723,2705.72664752184,478.288558459206,453.728143123928,201.295650856097,1317.67249981269,765.961805544645,56.3864179148784,217.306975668022,1015.40759725762,0.987582445364893,207.524414352368,164.928827460189,17.4737329298601
"bin_m8.cct7",7.76112539291165,36.1633997662177,818.94218468896,27.5739032190902,12.1412649268267,20.3200617247024,19.9411651711938,8.74851333052973,72.7562460496687,17.9342333680007,14.8901424428718,5.32770135350326,2612.30994131948,6.01624260755152,105.323203691546,516.7500497087,67.6005676261022,361.079786433627,968.050616972436,410.125011176215,296.797998123472,981.920578168733,1114.27817813229,730.448993206521,847.49579934294,4418.95453121478,40.2387544207431,613.455470193223,9.51876307794404,556.940268170576,484.497638412146,393.912110256962,398.312553797576,412.524985098102,22.6557117761979,15.2851102776775,14.8125438560804,26.1961337941888,11.5405689308383,5.84532462336586,27.7617776623573,22.2671132936428,9.42747932514161,30.5478002448459,14.2527014301122,41.8009615610059,51.7709817182586,189.207948739293,68.0971604997949,37.8993210959307,47.1928349636071,19.4122978405763,5.84809876978996,98.9509828116333,23.1051954466228,128.697690144742,7.45727450493555,173.004150695633,18.3910907206204,1178.02564406568,373.939234568679,1006.28993599896,369.903802185231,9.05307762135554,1201.6170603042,1484.16507479522,603.275270836527,1258.46331161755,468.818417723066,1512.91752819559,126.941762873033,49.1206085879035,993.890839430847,172.937965771131,1942.21783361937,49.2665196726346,5.18495625880243,5.94945306243679,75.644554522692,57.7918186826164,11.4999637443872,127.290505764972,30.8098976298293,31.8848926103418,103.644095137838,18.3828921169223,67.2475234171986,29.1601116953926,31.4405535447261,37.1042971949585,43.8998456165573,10.7104253144836,37.7656374697288,7.86043795430949,89.3261874981699,446.14002005756,4.40317304007602,21.5718016255239,10.3775759132128,111.31653275509,9.96201162249731,2149.95439692468,230.047324090654,1289.0293106946,1423.30519220649,111.708426017536,34.1224981497927,110.573489232946,66.2929971393118,46.9970573245601,11.9445410821045,305.453800114285,8.0248203182906,12.133271370393,143.194891258383,19.899079504355,28.7604121598779,20.2312842973627,29.7574572184421,56.985114988108,11.0166870122722,9.86812010986288,360.935434207022,1.53696454382239,9.25233407309177,93.3770085036702,4140.29185660922
"bin_m8.cct94",10.5189312712465,20.3929714491334,91.7264238874524,4.36888088324318,20.8797089056203,8.36631789189866,30.1767358109342,31.4739074513691,38.8755060346524,45.8819558562402,28.8398086106132,27.6303424263306,33.7859519848405,211.217964977359,227.476946565683,17.8168615143881,199.813715123384,42.8381760780888,88.4791523302423,323.475909485147,93.8952303887405,119.453672178772,25.532336618235,5.69065533585329,41.1684859846307,26.8122094436398,19.2254273958048,85.261884423128,55.4845186255125,20.5187448027371,14.3192818840655,32.9828934116743,58.0558075247661,15.3114020285608,27.9555412255741,63.135578836486,47.1931068024089,86.1141266669676,4436.04700691219,65.4742833295055,47.4432052235248,21.5334213743148,74.1019657634402,39.8418352501031,40.164901597629,31.8578482732396,26.647765632108,39.9018734337017,29.0431030042143,18.4901897901982,69.8793117212108,36.9005675382737,89.5514511686443,35.0535803470012,36.6167079846933,57.1753156132684,36.5903015885067,35.8024192363114,24.5952770657444,49.646167704482,47.7657521372076,17.3108072242887,31.7481894479314,32.6481402668147,23.1582249011798,34.4952747788109,19.7426966863835,31.5781807028234,48.4969173448529,38.057563780103,22.618218126021,18002.9618625898,96.2921567980869,147.371930611729,50.2280577135773,20.8491865778697,35.4719712231848,164.438466168355,130.677692684502,44.1467531111244,162.425786283007,146.440955063605,73.4936540068565,219.041027484624,466.21308367422,272.129924598202,43.4595810164679,28.4639760337165,64.3633105539297,71.4147381580009,43.3363078475612,195.396003144519,86.4050220045271,37.6712382486816,42.4963670203159,223.282754370399,22.5634576888186,35.2502735214648,87.4894004695821,18.6711262501496,25.4772150903306,76.9972610695175,36.3157819562308,14.1821944975552,13.7555812540182,33.0452927682444,56.7203763983085,37.5543466743923,45.5922476194713,48.7729281990429,40.5100297312127,24309.4551572384,20.858218158925,73.0488989101633,110.273990852504,30366.8111707483,134.814822725208,115.923276318211,31178.3383175963,58.2965928412027,28.7651291415856,31420.311026501,53.4110274004825,7.40832908703863,1270.34067397958,332.297445306163,3.65297562538859
"bin_m8.mtb115_sub",584.496278957566,14968.6195506615,1063.75502627377,74.4214249726968,2522.61463353435,195.58703302015,1150.16192372109,4157.6210218673,1637.01628888889,352.074097957592,460.433942100477,382.607746061734,1074.05835076986,1075.5922225136,7344.56340748898,299.370852015555,4869.87147189301,205.85062853612,534.515029041964,212.984994432111,416.631066850412,933.652999781384,944.533870177522,399.496853422176,705.362520213399,323.81678762683,1081.04174571088,3868.35742416533,239.897515014076,1303.03313025259,834.035059802766,429.392881402619,1636.38712083432,3818.36616243901,6662.70974797159,331.156405708133,474.713419181066,261.065588850586,111.354609639059,159.273447401963,186.843314704749,233.85300111748,656.103163010651,814.760805159799,3385.66585046286,3425.9003196908,414.274053966658,721.605875776269,326.018361324587,209.095215001373,148.555348135908,524.087768384709,4534.49835124628,1683.8324269396,627.027247899482,2220.19781486679,2759.75105362463,2000.69875499731,217.802725867314,3112.95408428517,645.343941869963,203.651292935714,567.312361446007,225.726375165159,3042.66739376437,1188.57279393945,869.423338658027,2856.5841930216,4322.44382339221,2455.2007348196,361.455117064014,775.486270452081,3811.97442137604,954.008732101438,147.787864822334,117.984993225047,627.235911531875,671.046106073439,9761.93300364613,568.976746786555,1685.68896860936,312.466638848277,665.036584813912,287.531952468605,463.241869419589,3129.67779963687,635.711069134398,197.657630716652,396.792263655367,206.185175082898,1218.99970900286,563.326741035489,671.159070498888,760.164426974652,438.462878328055,1639.4037869506,284.071401789586,4702.5569641896,936.36608883596,261.937980922738,208.938313966488,143.933477176788,1506.67476239392,352.423644570115,87.1505660611645,330.13252152852,597.64854486688,560.545426954632,554.933528954543,534.182056236566,518.165343357532,1149.12354246317,1077.82326971072,4731.94675962542,1605.79258308247,206.468243948596,1037.42660071359,5761.17471465017,466.212597768858,3561.85713768453,6316.07944300171,769.665894537705,3070.80108348082,3.01738486351232,578.215629121117,474.611785122424,1.90182119990483
"bin_m8.mtb129",945.427288569006,3269.10638773727,537.323246477912,743.961399570027,2939.63662052335,699.42765204027,1491.48044725163,561.976464377217,942.239511388958,325.766754397736,201.509201177905,339.206747232323,75.6852057151404,75.8284401638504,61.6891820855904,1154.16638830913,99.4109156454834,134.533365074451,97.2911299304142,79.7514789125683,98.989141722969,83.254742902127,81.0808517186757,126.554501557283,29.6888153283927,34.2936402801226,83.840866819006,50.6135496519508,3001.79955477117,172.617109259655,2142.94126582751,1187.57836168739,189.197063088731,78.238202219598,32.0133895849797,1923.34485167539,2051.39053244684,2163.49862077036,653.736338828957,2902.33001935039,1239.0107282311,1009.10381987573,6999.98203704613,7920.41575366395,4337.73004829915,1587.28828494458,1761.38733139791,647.503733446423,667.398734819397,215.327825816353,1643.27068636571,1644.99651200334,85.139995885613,115.592503151942,102.107975397807,80.6840229482485,27.2945227894296,27.4857506199907,72.0893459994489,59.5146959185892,90.7806094256412,70.2237127072421,42.9200691989359,55.8658127143273,56.6344752383821,52.4359068286659,104.635463195418,63.7593866919506,47.4997217714173,88.0712852618517,56.1680704560268,716.81676498483,1159.30879282539,2737.03570111897,1880.60811424316,1514.601591247,22613.5896435648,2602.02077661502,52.1655415607562,6422.0448672982,27466.5022865967,59.9627280268723,105.076584329042,78.1207523026934,122.731997839929,111.028458075177,80.7088374791708,143.5539419187,712.712719129652,99.6695338972534,86.3565066589927,104.553943525161,97.5571418602313,439.147109043535,592.394842449126,268.444293316192,761.240266743089,5330.96899861752,4453.23200306606,45.8280692327727,6125.94105678185,47.787084182564,60.3700519698389,56.3964551417615,89.5999520144039,1487.26132720334,5780.42637821507,1369.19138568447,4873.96764883109,680.645260580509,18805.3692861715,131.144800697415,1224.98211771948,459.272228389126,254.973598007266,163.540478552929,1143.17966558185,13836.3807933292,2159.70067014973,4514.7607023552,4119.98680265116,261.583251652632,83.2535770042146,35.4878887031056,753.811827786883,3955.72187111984,206.142967026676
"bin_m8.mtb134",5266.03372950391,3351.75027882573,711.588539470463,94.9295653618195,461.4395821894,49.5509598079007,2009.99181513585,986.161282647634,1298.60161642147,308.818821019612,554.501380643131,397.531506495245,392.365944671463,970.724723690785,909.162967169372,163.856522451281,1124.39247935816,108.762830560723,529.409252472552,180.408949131442,324.453321989659,427.919180891074,276.886451440712,133.724770485812,307.304773361146,275.934442918522,485.875722846516,634.785488424269,2931.63369531668,1279.31707738299,237.745567844213,294.8656455457,274.403055192108,1415.97633903674,1644.77136720246,344.381413304012,279.704348451752,305.975200998607,128.699053916172,430.240500591169,284.515299381542,588.516540941726,468.686142085581,365.912350335259,2837.49422466426,1140.1112105294,323.91074646988,1468.36348101243,569.594844355968,641.555510681148,274.248166760771,311.277691719408,2502.37344540133,5507.58708870523,1933.41775403926,655.299300282533,1596.40658861573,3173.45375493475,305.802553912044,736.402205874098,1679.70665147406,1078.73418831557,2218.48955244995,370.435605905794,230.013539487196,472.496442406266,342.989501472453,1289.62608082525,2700.37135045066,800.849444268918,216.494486236683,1354.74194454824,386.472964593444,501.179341984891,239.959100288241,155.501997113369,405.459449854306,122.865414796293,1262.22179275691,401.049476808383,284.847690564875,260.179049982265,321.068084912488,143.137184886218,54.5670982774279,141.128641560782,470.893898424741,68.3802423083923,280.133810648638,200.441355025819,256.900353893212,189.633221710512,178.588303598595,1290.31393500766,653.499234952714,394.530779794947,387.250768964925,465.22525386276,374.601630557686,571.726854977363,2953.80558070661,291.882823647773,4452.90915069562,979.074012601517,97.4521027981217,320.430835509832,565.480696409341,1019.92584687775,709.437041619159,2554.97136700531,1188.8599151483,546.476673536216,224.26044046601,1442.70906845963,1075.83288419264,138.019579146809,2612.91848294889,5082.51205281215,1680.45287946178,4117.56499490297,5198.49682919207,964.43508091541,1187.51428317285,2.34485807816624,5451.20623857098,3130.33974018591,7.57947654709855
"bin_m8.mtb135",2542.99282314183,2298.58902618858,404.675198561227,4325.328554344,573.865099544055,6700.89018672117,51.2339869322077,59.1068427447321,108.237236105799,143.302393159044,92.7822074259307,104.766915548921,104.366687624258,197.834187039483,178.354361999622,75.2891586017647,291.634339464429,418.745943046117,242.858868732121,330.18192129029,296.127181135823,358.011625030964,264.794611553878,342.931827853136,64.735223408873,148.597357807348,287.699618316634,176.901764416353,18743.2269375545,14.0912388578004,42.7914625894979,44.3822710679118,44.2003182916255,154.822488587057,17.1637064668604,103.699059766156,90.7269230244433,127.848971078264,197.779972227611,10.2764601712812,54.3791494031018,184.850844269637,19.7076345939443,156.382422125435,98.3581583624163,91.8361935706848,245.712580958083,64.1573855196952,230.920540130563,283.723833386405,209.921802583309,9.83454462721939,448.210441158993,32398.5679977803,75180.9264415852,182.812291313223,39.4474767479766,108.721947158033,1216.91287911582,107.014623531682,23217.5719440334,7533.90211260135,1283.52907439993,5714.20105195262,171.401282110157,125.327990992229,202.90679521326,132.344527690931,115.070607146504,18934.7066329832,790.019946822911,56037.5197498984,60.7567246466958,86.6151741929611,2255.83241406903,202.59215666315,21.6099971684878,231.742937873412,165.979518069575,42.3370435810122,245.074241940388,178.821300468478,194.498804531971,280.939942575322,312.778895215902,245.898274291406,228.251147775412,7867.19538240386,1870.57555701242,1562.11647430015,9276.19094548396,17877.5607391366,9719.29485473667,93.4473363736146,287.958680117654,6842.34650887459,164.590674781667,91.0766642645547,48.2812286945842,180.397729547686,52.6385159694742,1356.22023672127,123.132159495052,941.725240103319,2312.97329983091,131.16270292754,42.4608550515241,148.072646135677,54.635694603975,70.9381458703162,53.2089002366381,9724.02436063455,281.40296428625,20777.0502510461,2253.5297356213,4451.73799982501,7884.35910328941,675.115274095896,27099.0602489042,2505.39397314784,18635.3966854778,30231.4308090731,174.171588972506,15.9729070881228,7620.14526917493,9520.37087530639,313.887694691806
"bin_m8.mtb157",29141.153665883,19151.3348205056,11285.5059967028,26082.7269279762,6310.51949447832,18129.1741539649,673.530758917323,205.479667058378,696.604838697672,452.121985288715,384.481042346231,391.644717132601,854.109129527129,3596.92890515207,49657.3928693361,298.34195981988,126126.901467413,16061.9663786741,2348.38830745595,5182.88599338319,8882.84283344715,6587.54932972677,8875.31784356998,32759.034441092,6246.0179021604,5290.71140076368,20536.9164331154,15133.1768587237,16033.8738102524,1097.77586251895,1268.49497607635,1251.1365071619,3717.0745147333,19370.5235367725,1744.82064522511,277.064351093541,325.203481198096,1182.28843961783,575.386098063027,83.3174132087451,228.666251001128,734.738055189161,49.6890653886277,1000.61667583633,589.389170215753,218.069898971341,1620.98491481778,778.573948646515,1469.41450716565,1863.58882453668,392.939333115478,34.0661582074077,277.380863616983,2614.29961507142,1071.76306443712,2948.99019508748,90.1971082472761,2510.5554083551,2062.60658751808,6795.79976850064,3110.21985689913,9374.51864321079,2867.4315691725,4070.21980168618,12145.825768423,8274.78958801817,5665.50336793554,18702.1750734768,15300.9752811791,5381.64809327455,17766.9433656729,1364.77731256158,871.453051678601,1615.5428812417,1142.0100505919,1096.82810130648,45.2291093226455,1186.25481074378,17232.6822483146,586.609946605107,1059.2050518776,628.968683545751,2521.76563852897,2107.68317301837,1278.18685538326,865.833675011536,1360.34287670924,29637.5264201525,11110.6080745567,11370.2561592357,18155.2841895074,38572.7004189389,45546.8583283912,4884.56676765744,10986.0231029041,3461.15581163722,17809.2645687706,4955.05092137089,729.519026482274,11866.4455186726,63.4843306266825,6573.84557189859,3365.91979013932,11920.6406260974,28842.9255701764,335.239879942962,600.321394886782,2506.92784391275,899.692459468007,1167.04693645028,97.8663606705804,7084.44622897668,624.382095477493,2715.74312483263,1935.86943345117,3104.7983503652,10821.9843667797,4916.89814331696,2789.63483144904,3713.67310993527,13262.380640849,1725.45858651304,13946.1948593267,52.4810051275414,2340.98716904754,6885.60477971971,291627.975815691
"bin_m8.mtb202",6.76683916570738,135.03832732452,540.544587083637,70.4115511252998,0.082002941398443,1.94123319493235,0.096202861469622,0.133784293411644,0.117583419663451,0.302822625312432,0.916578682544436,0.134938735125452,18.787640555745,2.65968771436331,0.640224169148771,0.395766464154225,4.52805520713895,25.5724712238376,43.0073574227187,18.2020101731767,8.24133053591543,67.8556583511245,3.37092105201485,0.071681844115865,0,19.5043498725433,0,24.4100134937176,2.99147087714548,0.371823362321597,0.658981341234445,4.1893639393438,0.145548989156946,2.68345173306696,0.36004292048557,0.278391073915309,0.310484307968246,0.804229526830878,0.79604220436004,0.118439177985229,0.690202316543844,19.7056289427207,1.05391193575437,28.7735478302141,33.0401961172828,0.442287070189098,1.95730724657026,9.73812170029377,1.89312759698451,2.62606097900661,42.0977259338882,0.33239661870429,0.143630773714609,12871.0625981159,5151.18560357333,38.3485183646999,2.29520263735897,35.0544592759068,75.3065097433247,11.633967365649,502.960827003383,3.57608682875487,2.77478306594171,22.6792775965105,22.7142022642031,13.5125160629673,23.2050845273377,0.291225783491239,9.0869470083274,28.7549062918065,75.3290541053437,21859.3832601089,15.3814165077187,24.6794483127823,10.4170220504707,13.7087798532465,0.39396996536801,39.4902060282258,3.18170589534395,27.3787431348978,29.8510655674149,27.2560329333312,6.74218648055784,2.99497223721878,1.40373277936282,4.17902109154512,12.5598000419271,437.322219796874,96.6958492347793,230.61752310033,2.86937987996334,60.5235897473147,60.2506257828502,1.47018296854391,22.2324039847026,2.09151784946291,0.072831023640591,2.29155192534892,2.15162652454767,46.329572032627,2.99040507343677,307.165787263811,0.200592426878303,86.5451747526931,87.5913368859807,0,8.18759751745136,29.0925784319484,12.747634100225,15.2908358527764,2.68914183239368,13977.0486664959,130.537770979807,18342.1423144826,417.855905537942,10972.9231833103,63.754526861275,34.7010911169161,18106.694255908,6.6204855183979,2.61709013197704,44.9202499757317,0.52708818100524,0.355911929896636,2.49963611985153,55.5257256966596,0.390328956529625
"bin_m8.mtb207",262.002613227643,748.792345351481,160.064915599157,86.3946600960499,543.987131912898,122.580946503722,748.386568595769,461.49820657542,230.85781791227,288.693627550618,668.184991264849,722.010908488143,248.770407324121,153.788201911705,298.407974573732,327.646349944085,348.722025951052,276.20762556631,847.698911782735,179.083238652531,187.011179437646,607.072178452046,578.720016987646,80.5738652930046,1037.35016093833,354.679021321373,331.401447940359,394.727346892371,1447.90477589783,501.233477102803,284.884473191454,486.573363311984,362.33898844546,422.424637748542,562.826378217797,406.153347148383,443.320956790307,351.844558071026,141.829784332352,477.449984396241,436.713091639589,154.97140158102,564.55116568317,328.068494339584,368.572247220298,526.073554741292,578.669527888136,1072.72807084168,257.556698081895,169.879027046891,332.106631285293,1149.36412813164,2539.22116435937,592.15438771854,1056.53173959566,2189.62100337439,2752.09196604284,2214.58334481646,840.974299568134,777.84318987383,491.657606395501,559.087845659351,1153.23823924294,841.180661871772,307.979922310155,280.024452014034,180.275455560176,329.932671113175,394.406023610752,888.913997356229,600.844310607491,880.085582546161,2618.56806621219,1474.69338466557,2146.33627663314,323.973807920865,1045.11778014593,824.766980658722,242.744865934725,717.863131431974,720.286658645428,655.638802591125,2101.77361240612,623.330188904957,107.097624157409,421.522240427072,204.162779900641,331.442695003524,846.965976310316,174.49572173116,916.272489069544,236.514742199923,285.110034655277,784.907374312543,331.688457444491,304.057447666734,170.728837888726,360.978337174071,348.593454333321,713.186605973733,2899.48696457708,214.142476896119,417.270207087463,576.267439335797,168.026050711897,451.376548510245,467.630645761605,743.959555343197,1001.81338478005,512.661868522346,1226.24832081528,1652.79923701726,636.664673647214,1845.44688450737,1439.55928243713,126.452449802654,3242.33349878548,2498.03001367572,900.283042733996,5406.9926917312,6458.32058215711,809.996159215754,889.28259900154,0.913005136590626,1294.02203530652,7641.86726427771,0.970951382509009
"bin_m8.mtb215",1648.85467216225,2534.29870548116,609.127991641713,506.82779172627,3535.09758550334,284.762582986851,3257.46455809772,2634.98423943084,1137.67581768534,1139.67383840686,2405.66599203205,1822.74477300683,4101.10729316608,758.845116384094,1377.99285196931,4.71604740482241,902.075615075527,1176.83469059762,2689.74059614633,779.420015690999,862.56241861784,4096.46042436498,2026.33232993146,174.688471514355,3752.45688905212,895.108337985167,1137.62150723852,1237.37990162081,3692.92562704992,2506.47661450006,2133.45091344734,1833.32596608541,1147.57998719011,1421.4482084921,1585.93508617023,2445.5401096989,1630.01334888497,1406.92328620661,229.879969499535,1652.29982220847,852.280116256313,511.97716345518,2584.01223328559,1347.3987953425,3485.17310865964,353.183949099985,984.311415654221,1327.95884679164,320.03446441578,460.655367092351,819.855140303406,1384.80408708658,5108.83315439893,1227.34269714146,3081.62138657884,3499.41849204794,1387.06152150127,2143.18167763124,931.842830320537,430.819402799385,50.8933007062443,1023.32849461844,2164.63668058056,1416.38784252319,1157.48597609059,1330.84467931118,1050.44487399558,1789.30465413328,3159.13823634179,902.11281645945,3080.47237240408,1610.31152851948,3594.08698032908,4035.72025963303,2617.01969178139,11.9310706061524,13.451308642778,21.3313143384105,1633.83747270697,57.8540942752672,127.09716913998,38.7211531023577,93.1936066113329,63.0032106488214,4.19585210643445,37.2219739542019,90.10598380595,757.206527702456,2055.14234057357,1071.88176555106,3275.61407698562,704.360530940335,583.583110457818,3412.16429524483,3686.13665112203,3228.8165893017,386.812315009573,2538.03631972826,1019.32310767148,2373.08168922784,10271.0410451567,1663.58487301614,2265.80771237632,2501.8439947147,439.244219492227,1150.03917825005,2789.30833569324,2927.01792630019,1627.85788454045,4976.69371636475,1054.76707499474,811.399276947775,809.148746618571,2478.83526586856,1882.79138089778,983.186231804421,3622.88216042883,3860.60539380236,1381.41355110605,4306.16909998902,2689.55677650565,976.22699110367,1514.18888718707,2.70710507659001,4435.65985199188,3182.89098177876,1.45145476494721
"bin_m8.mtb93",8639.47642995362,22401.9705779544,15940.0779863579,14885.5899801477,1848.67060790404,8040.51442799008,66.4884128083007,63.9642644693457,153.233380912767,179.008245989793,124.761957426955,151.123597645688,143.792817100767,23449.1279294235,6900.36770923882,126.638744262922,1448.2291122689,31164.5815545875,11857.7691097785,36787.2032757336,31907.7213668316,12728.1409152582,12652.6144914088,31410.2327266901,6353.27394434539,49262.285848261,39247.0892908501,11608.7286607676,582.299900654006,1232.66064681732,1821.21481050693,6621.24362668924,3466.32446067773,9091.08204409975,1236.07251533428,105.135770525014,87.2199353834514,149.616389969645,187.893305424557,11.1272006724624,76.9134677693119,257.707129416236,27.0816905767728,219.927091847398,112.30430559117,120.542730783477,456.529775124625,47.5786931255019,391.610013151518,451.311316712786,300.118967508391,11.2339116118257,88.5788811549749,2269.30720051112,5438.1175382912,1392.96046170328,85.8254816568764,1415.72229608816,10718.5757263791,10541.1079794054,3718.12036983313,15186.8860743432,4726.97780447894,3588.85646204428,12471.5534495854,10381.3115364029,12861.8334175361,8238.33041105979,7304.48488605814,32213.3328691458,22152.0577358273,10457.122783272,36.4119295807305,52.2215283048791,261.670853187791,362.33365700134,32.2489031845484,477.144712985808,500.509485296464,58.6546208828177,215.692201362797,298.999464242708,564.897599030356,615.59925607968,568.954956482538,475.766970294277,226.158506118906,18248.2343899524,13262.1247244623,11672.5069039641,15972.8147034403,16774.81910938,15391.9269064107,4846.84097332532,19215.1251046649,1202.61692917153,14776.5518029074,1330.80795201703,98.3420064010257,14266.5255358729,107.927199588321,25549.8715412788,4031.23360222922,20163.1990017856,10338.462220758,142.066414746995,28.4329823614372,1190.39360597834,28.5171664127387,41.7809454688255,105.458957264708,25307.8224722332,3767.93231317139,8528.12844990812,5855.41689162143,16386.0958672935,11522.3509011384,24535.9989591547,25183.1440011457,4251.8482605602,54239.2090686856,34235.7729951228,26748.3880027635,25.3263813912036,3375.30372167018,9645.71355297561,498.385065849767
"bin_m8.mtb96_sub",806.406037544572,4305.78886030845,249.770066342416,112.587827090558,1061.78529230066,545.31257903631,1194.37961639188,2013.83726927255,3147.09119083222,2413.95290393694,1248.70608510121,841.598155134431,308.853597709731,293.516498456203,338.687082873379,8736.11268925574,629.203861164146,403.415610219515,345.968814661511,3258.88695490952,343.997509683309,325.189372544297,435.693440741038,130.30149973206,70.4763537059638,400.156322707706,210.580610773404,514.510716069189,1436.90696505099,1309.10408429973,5968.81853874089,3516.30989987437,2270.11477244258,918.219740092708,1636.53035517423,2649.68357221984,1457.03973750682,2555.51441761613,924.20395305829,28765.437978985,32196.2073261223,9785.07407546539,8606.48471452151,8144.26185404215,4263.49789539483,1181.30979099481,2043.03881699756,2747.63287833968,7888.3724697537,5741.98965771984,5965.2996451153,10858.7439208301,38891.0836452454,16815.3823877455,15853.9242626375,39912.4431776532,125563.560757078,47685.2765612723,798.98437277037,4323.62251730084,427.454500503579,1883.42043348683,1062.58808719828,1431.97345078648,1423.89955910293,1005.81542011848,1616.73202919398,775.427984153216,648.868929094357,9689.24037497561,5628.93595492018,3836.86182177417,27148.3563513346,5413.31548380509,417.522209234758,2687.95288027226,41.9906922505238,3663.22090496011,693.284195457424,2626.27617489854,17144.8392501487,2055.37530712446,1905.16799978596,21495.1181275581,553.375486936017,278.783168964131,4067.03498313953,629.359094736815,10397.4773226359,1000.78844955093,1165.50909081976,214.923617527924,366.710235949556,12600.0640976795,44900.0153794868,4669.75763707197,28478.7895179399,9427.20855068593,12798.0292902255,2938.53061475902,16908.684755633,10818.4377651723,3545.7642508778,519.986476349084,775.681364443783,10799.9908819836,8555.61053226757,14633.2773864353,14500.6026376138,10489.6005489238,8501.40812498576,4476.55964078208,18065.4765598331,712.748390399839,30995.0041939372,1104.74692274316,22525.3641892364,9228.76615833347,4763.29414651165,13809.719871881,12629.0483035483,4703.83313761425,304.765364641953,10.2130899670463,11178.9998288343,2843.69038425589,13.7151497262594
"bin_m8.mtb97_sub",1.49986490294715,8.44317854839653,12.7596491589989,79.389654190607,18.251191513322,2.39326910097377,11.246514063906,3.30844874977826,2.90780560153812,4.4251528260423,9.27275666572198,12.4379007998964,77.2515975152113,57.1364411581259,15.8325674709863,6.00577919022908,35.2220321480168,13.597438674218,235.185282440657,42.6772377635228,62.0278630067466,365.446986108446,151.344288387701,11.6029457895128,12.7820061136282,13.7304438083215,72.9758096103529,147.200924592769,2790.28973838,1.04489652270633,3.62142826076665,8.35211904013461,5.07186270687444,5.13431510214562,2.75207198857192,2050.18311836623,452.082606868074,1076.14188124175,191.937569755672,848.60198856158,87.2045861264567,6.36009388134423,9.18126720467739,8.27397578437833,14.5208125997442,12.9262988625765,20.0765219783229,11.0569820510874,6.87515392690796,14.8489435455632,9.35828599661332,9.21644983852511,5964.04611041196,210.416729945113,1336.92635798594,2607.09569872815,10.147951625403,17.3204221495705,13.1128018381731,13.458389194422,11.408759196207,13.3993398332332,18.7144422045811,6.49828858966674,4.51903434868869,7.67450647345773,1.05391249363827,4.14656775034687,5.32180950633193,917.789223896593,4.71356132564183,1182.58078787207,2349.68043088302,4922.34012917552,7.80636629861365,3.69833838771593,25.980716791847,6.91550836671994,27.7865517781746,15.8704750760249,24.9184349196057,12.9135025471957,26.9466530534567,14.0434629814671,3.65409739299785,15.1138479299486,8.54063944426708,5.95087110866737,15.5495950220656,19.3165473756425,14.5143357112327,6.32447301730971,17.0221500633343,5.28832292660918,13.4566734789829,8.86157473412985,1.3098844848829,5.72418669970999,4.39744889934256,8.47203069936566,586.236834883542,5.42281575119459,4.50963227308083,3.83881134945822,1.05304309686797,4.98564686901849,11.4532463019397,15.0355581278806,11.1318840483709,7.36632782316532,11.1239269640849,268.332008850259,1779.77924833844,396.53876455265,3997.5431507071,101.191205430432,588.768281079044,1084.6447505106,3424.73489852525,7568.81218787904,4332.4274899813,1052.73587399557,463.325958185723,18.0032810232798,1708.16315416966,1533.94962942857,42.9985140800166
"bin_m8.vmb10",93.7322674277791,73.1643117237276,59.3188468031454,183.038628663028,328.89868328789,856.857066494844,3442.86349609517,816.976477401893,446.6682782142,226.668566278378,6138.79916346508,5557.47782984573,25.6094178085109,4.91562338233641,2.21861166172518,2.88009963307924,59.125092556262,22.5038230568135,38.6688711013541,21.2782155504041,44.4530690016571,30.1815677805937,48.6499215057811,2.68276203225728,2.21653285207426,16.7950235656516,4.44653692015479,14.7285514246221,5593.35078646132,1.35292960165444,0.913444858207036,0.65740452412817,1.3618277639193,1.18712487910881,1.79666039376338,4920.25353290724,1017.19561617802,1650.76646336295,518.474796672153,64.2741539279544,7.46242935605825,2255.10141591501,4043.52389261078,3722.46300974953,7885.78909596423,3645.34272592285,2212.8845192672,4421.7702093782,1980.52878991048,1217.78089833938,2285.91623741901,4543.69105240383,14877.3488685551,427.604172972393,1463.03116750597,6327.77057990232,3.65871088287283,48.8576069883837,565.40851908002,688.111337588075,2252.44224593066,332.613439189809,1601.26654897421,1986.83704844401,17.1357603048542,13.6041347891736,11.6966010854651,4.23865763345466,16.1946543246946,2419.20025383754,62.4323069061065,1446.12003267125,3514.3552256063,10456.697711901,24.7382978249164,12.3342727101263,3.54965126951141,19.8789804636224,34.3495403427329,21.6201441435615,31.4262973237276,20.6077429292208,59.1891801174193,44.4800474510003,1.53614183625763,2.26672301402135,20.7949508233659,124.422837713838,2358.50504843354,607.030400371931,120.514664145675,116.315989299357,234.638123121203,63.1745706068919,34.3732259523703,7.69389996970575,48.7610178187621,9.52928190471953,831.49912367222,182.979731391944,1535.77449452442,306.651050901573,128.876427503535,922.342455536394,74.4502145813909,6329.10265513602,6511.79945814328,5070.72025094259,7010.06131232994,9550.11047995186,11591.9202724005,510.143461120907,2658.5953537699,655.970187171346,4323.65870134739,104.107587723367,869.866499364435,1742.72918015003,3504.11609362736,9763.96260995643,6408.17418797076,2178.47680434074,8.40214817065802,19.610510350342,2862.66942711871,3556.35943407407,4.32842578132368
"bin_m8.vmb113",120.374502021355,1185.49506505409,101.645072156435,94.7957823205407,398.262928260245,1668.63835341989,507.584450696884,3761.70042800397,1776.89784701038,3387.16015641384,631.523099195431,2226.54854577143,3918.17560741906,2841.22446280249,3695.4352768276,100.049655876494,5517.93538855591,918.115148295494,3893.97352744274,4680.99866938596,3107.56753341408,356.900164160974,266.843009496016,2848.55184410438,16697.4725316895,25907.3208245029,16007.9089339874,9452.81471736006,208.900776535273,7269.98164555169,25542.4413762489,17058.7903012644,413.637857885029,185.226263365244,9422.77364199354,1733.41648623098,3811.53695884433,1344.31412712109,1076.36596780095,2670.41778642326,224.382553978903,203.844515087064,2726.61686558939,534.906783567232,270.700649867045,220.049175530192,2004.09164623886,1599.46044643451,792.847597868161,1319.490451964,1828.83522686602,303.026417090285,225.116835692734,365.716434373609,9028.32570345763,577.231134778342,109.501169368757,701.411065211879,3013.66024782043,246.288367347278,4943.40102480775,1672.18489111688,2300.82891406745,1080.45091625896,2175.61563887078,1710.21877513827,1983.23739286021,2611.85427223412,5216.15821630217,6905.5109355377,2945.27887652547,9704.01031085834,293.706687483425,327.396310444077,188.696602514578,96.1446193290843,9054.01516841878,7028.74087750882,2824.13507187828,256.9697730303,329.398075064283,370.602066176565,265.195900089607,535.79334690657,31.993902598385,164.958152997539,181.002360415951,437.460534238337,1708.33237144661,1252.05891401296,1169.27282153415,2988.90578055409,1723.29634863644,1358.26396375584,5493.9364581633,7077.23456042309,161.438726538544,8185.60445009414,2774.18138480082,596.245025844575,600.135825788307,2287.57152216282,5089.48827979728,1593.61731725146,606.818956728626,2619.37459667974,6870.69595860249,881.700030070841,1690.29871017211,10236.0564007822,410.363412571215,7402.03519180366,2549.49181180376,12290.0630341579,31629.8878183548,2014.95317044257,324.698970148844,69705.6674117482,22003.6273637949,323.597708751796,207.821439393238,17711.1994283327,7056.15410259956,15.2720434708849,29795.5895169247,482.96596086736,10.7251502622042
"bin_m8.vmb119",1394.38881460626,989.116443267055,204.818748969153,41.1566290033256,60.9021732218987,7.29632541268395,1777.73413151526,2042.75565074507,361.126658237495,37.034620827057,71.0619425180471,241.420172530473,2635.37490581739,1943.49965623346,902.944061470508,6.60020077950429,596.543751114778,294.366181947225,3139.80524243996,354.364731668734,1291.59770674565,1441.10795518756,303.350692716824,2.86905297701306,34.2398167421595,9.03695938120404,22.0102658937064,41.6345219410766,616.030229841265,1412.56535284122,1006.1806854327,1029.13144328323,2413.53457584498,490.100482337191,149.678653639972,17.5185692676293,11.0462923005815,31.903017110322,3.54016074536187,25.5987372266665,31.1858085934061,19.6961649481238,121.040732068888,146.2137030094,56.4545258445329,30.6842653839488,381.041297416058,4019.62640622795,2166.95233853917,209.50744561931,33.9505645320066,59.0308516755087,111.271140407042,187.588381489419,2624.18793781129,65.4887501538815,37.698704701406,90.4529407829065,7.37824794290732,12.4574509495343,37.8645799060875,13.2529847285141,33.0936945962266,23.5997662367565,1141.19740083435,835.544234133986,1313.42534856883,619.422282374394,46.7958284362044,641.587894068218,78.3894974781901,655.737837401211,60.5646806737495,136.899887810805,9.90117630419615,23.8985613359236,91.4577485054876,22.1097515504936,538.341277614773,37.588259885862,222.82461234496,44.4781928567082,102.389354671793,63.4757281296187,11.9596676930636,25.6957167025666,44.6158196103504,3.61560730492481,53.7886646488361,61.4629969185735,30.4981037963402,12.7967480010141,42.0547397290905,54.6593613802622,48.1684096641056,118.914860552884,9.58727121995866,57.9754385627978,13.3962058881153,103.708566338649,890.097813774285,75.2127822482861,28.9924410109962,28.296760450678,7.91571288866777,180.009905536209,948.085032272198,1629.30306043475,352.61056568247,737.329908316436,423.736879897298,1355.4009521171,139.832873342558,4225.58406428974,1133.50350526287,1552.43369263708,2201.70349764457,978.101128507668,3187.95997705097,2225.72327646269,2967.32827439921,1910.28309199445,42.3494913383211,1.42453112725989,411.306340250063,872.617785379001,2.54594537212113
"bin_m8.vmb30",121.682611001365,406.597437789066,41.0666512612491,33.0868610147753,431.763743774522,89.3555864087173,362.494873381012,322.167637863908,132.081612120229,124.839842236405,276.458217177171,301.846085775706,145.953432999713,670.063124591891,169.752502535078,52.9738664636168,118.621033423728,255.438747788722,703.880694109828,118.538480624466,137.831859515681,677.191717203535,714.013259402666,108.826876242383,570.189811478803,148.802329317772,169.060276423223,275.972113557451,1512.52053025532,411.589297032843,230.129654035679,804.60775676339,708.284055702069,172.854430294577,379.257528407767,165.013893181416,322.524212843443,185.094714959484,107.354859851374,359.244487426884,199.539364045297,112.417014898228,249.474595752525,265.503549926794,305.33372249455,272.591148596721,231.166034620202,486.536291704371,603.520916643528,272.024662156709,202.326921832825,279.700640414601,1256.7403528052,374.843765690523,1680.03389776436,1484.62156069688,960.2312345974,796.673925055828,1437.86274082118,94.132470814613,290.508691536036,1843.51807962672,597.777560814452,564.521812127973,206.154068782519,292.901734088573,306.642339151831,369.858538033226,404.52374379321,391.969051658409,172.639349314599,1054.35503271338,1378.54995570564,890.606815162646,125.52412672017,53.6215640837137,70.2051535416291,53.7771089007161,226.501166225719,150.299669096531,88.7963022026749,109.780118171222,119.782282842278,69.8626502542992,20.2851816965539,30.813083884924,186.449639785262,162.227320237324,394.071337025313,905.93060485537,1250.4587637444,273.782334601321,134.712906861309,349.287625833343,320.405677078342,348.259665903489,93.3976731444051,327.408782001868,37.9890496797323,166.301765887231,866.707637626452,578.916864616618,527.757917300354,211.845777243274,457.776839157767,171.222744943935,326.113115708958,362.397023120189,721.284792550968,368.12792854994,682.234600388892,289.50245916268,50.2253128477046,450.995924446828,201.819009560365,219.452410123325,430.633203991133,233.852208448078,9748.34763332927,1253.46909876787,607.548904424872,1313.43218456438,555.614858060541,0.57483299138203,616.474289627845,483.663154724392,0.420279930431317
"bin_m8.vmb6",620.364546421206,2039.44026676018,714.330908046991,46.8565565008705,112.689685425869,1478.25512777037,32.8379316531129,430.076296255492,773.68755722535,40.3632330379101,25.6964389450602,22.1008614817474,75.2418204003468,116.789111129781,78.9327048347183,89.2496794729075,175.941033501055,2069.8396405927,2997.85999400643,4182.3483184796,2976.76549055077,3029.20079638552,2438.09503867675,893.607765949858,127.93573144355,67.802445640815,368.369460322379,1895.80935712372,195.146179508514,4533.94837955066,42.135175235037,41.9101596870381,971.156766721852,838.689730283732,7295.56184414571,617.738404778327,7197.12898938722,611.05543171485,4664.87756290356,14218.3367554541,3842.69422152043,17228.8410026845,6116.5349730661,5501.22837073492,10145.6645683622,2014.99913757115,1913.71125106083,1426.83108592684,4417.11612364189,10444.1569096685,2316.24132159605,15.0408631161761,9860.50206005049,826.303204971827,10510.1599664523,11914.4513992413,20166.1603577566,478.5899345404,556.543308182241,31.2216079734684,170.419594854948,625.575244048158,390.074195831054,659.293282998356,1133.40090967549,1232.53016723356,1887.46118956305,1664.90266779206,1330.14466595729,528.117021343387,50.8243641501181,33667.1274386965,77.8628208815326,284.836964546885,42.6461113144169,73.1142588117344,4.6505325690503,56.3473299667104,216.438592954338,53.5828795170708,90.9422892193068,94.5049682168888,187.667334104894,146.464486981072,13.154300091833,1.25113189860431,74.7398318285698,49.0077608893116,101.609212308102,143.684578305578,39.7983888757401,51.7880230306499,171.702731985861,256.074615238838,164.864624844077,6228.47875199156,2929.0590252967,204.295235199167,9960.79314018028,85.0422886266442,2562.30860936874,92.3348493282879,50.9087658211876,50.1254126428815,145.345222596339,8823.46353789253,5139.74260004043,5691.05125807197,2667.02275701944,80.9820647537095,42.7477632016513,588.807453669902,195.237238904275,391.864100687029,371.860357082347,118.727716171731,9518.68846514449,11408.2578921166,13716.107356177,4123.81215201807,75.2635115356168,635.11603644365,4234.86541833266,3.50107065511906,547.261936673697,1160.04561757759,4.60755307397308
"bin_m8.vmb65",2088.32450810333,1237.4806804985,1238.25786763427,220.86521030553,1591.50046081282,324.134398665783,7951.96000096478,7938.89862065089,2585.22539274712,4960.95647106068,3164.06322990815,5867.17780122441,223.219420787633,906.852928411877,775.871809933419,4387.98019773827,2732.19555760729,1320.99389634966,3874.91017782651,2626.38559665535,3615.39377283883,3396.49640898444,2563.53275575052,215.776850363483,1839.338023116,1808.50325981889,1214.21221720886,2031.14104964537,1018.11795218702,2253.75959262129,2587.6131386939,3959.4354987966,696.835424043087,3678.82023844041,1877.10249541582,3499.56558166211,5088.78134193205,3473.6858199485,661.762156161269,2058.40727531507,1562.69247785328,1050.43626151875,3267.68502010488,2774.52315479092,1465.976642043,4158.80309248489,1744.60299820185,1373.61641835392,1484.79422884181,1183.07650737965,1041.02040809801,2376.15240797665,1358.64574367379,263.763565824637,486.995483537009,1180.47674786686,1252.80621400464,1809.08358620034,1456.11739045383,436.741159773252,1373.73181512002,529.81372361356,1836.62307641124,1528.23654371429,1691.32455309716,1547.65499308942,1776.32076844388,2718.69065756804,2558.02320196992,8744.24438902957,1056.06583023633,922.540439338647,3787.12270569608,2386.22618732064,4430.32852041964,954.937361025223,37282.0083635929,2039.74990965744,1283.97445117732,1617.30868793522,323.259295962829,38023.8192679654,60007.4930741095,2768.14393101507,8023.69660632246,1232.94749597593,730.390528745259,714.469644610009,1994.77354029892,997.641499348637,1496.22211021058,574.211071922422,1884.19077425454,1086.81687083567,707.171149880847,1415.65593019624,216.158395171443,683.160372349716,1147.38943677094,1293.65387390726,604.678288844258,1098.66546328565,3944.53935773988,907.498919347051,620.454077262871,1846.99284384953,2037.8207801185,7064.44121851298,2674.02868642778,1610.99011899803,2134.6391796856,2559.79704902705,555.519850024072,740.248155363348,3282.46102802526,168.133303911384,499.299748051858,22312.2136671129,1610.41389247121,2043.28839212917,1347.72737312465,792.431481307943,2431.39920552289,11.6979696022925,689.414854660719,1355.712155281,7.02550034158836
"bin_m8.vmb68",105.195303657956,111.713006866863,12.0552444185962,138.05012805334,203.415028522692,59.7648261067261,11.494084902103,3.23490234969538,3.26127801423761,1.72288161378943,3.47652702219742,5.75791188395638,2261.83982867171,837.306758286741,274.401427108022,3.09605598374832,343.020440336619,18.1110665668593,122.343212111091,952.473099582505,6.28574980941671,22.6129376284751,6.3458427025388,1.73326599145254,28.4724615954917,101.760894337415,7.3871927701977,34.0388573237758,2.01549076459871,707.751910886414,840.136378125517,52.7293221030807,950.851648519876,1479.78662354502,1025.85436831747,8.71134295887927,2.94412009349656,8.69362155772368,3.82135157291826,18.3623815478518,12.3695551849383,13.3204006932615,3.93496392799787,7.61416126316408,19.0805926591414,16.2304691730453,4.52396768511099,5.03674111145247,1.65704249427143,3.73518340377671,13.182050734695,11.189245844411,0.204293535656342,16.2222392061846,1573.91601058607,8.18176446588675,12.6230671802964,18.6289304751746,15.1174090488232,2.57050068504823,34.2856629075475,6.61239109221573,17.5808373090903,32.7850087688291,57.1815818953454,515.488719929042,1426.25068211772,774.601892353578,8.03729443746048,636.223825309417,16.295327339357,110.952350447232,22.123608265767,26.5281198474006,1813.44461613457,5.53054379641197,16.6241324720914,4.0205163421293,105.130988538461,4.07061463824299,5.37452233273398,24.9907334549506,10.300116074585,7.66782920594404,4.83387924358605,11.3712060266248,2.97740970515638,31.8677488778235,38.3805077345013,27.5624639355609,26.9363724872222,17.2629007899378,40.0991469039279,5.29749858828521,4.05414191872474,12.5860089791638,37.0857072241106,2.53508402136936,3.75590931274709,62.7440002178198,30.6245447951065,75.3813085187882,6.27688740488285,40.0099523708402,51.6701338221477,6.17144296648195,11.7750427705251,21.8790226386148,21.4282833843989,11.0686634833831,7.64981317879237,86.9419627329888,23.7779884083837,12.3341954441806,8.74193772409517,4.19810651535089,82.7637756864691,1566.95456854949,1576.79821355556,4.70833081009002,5.69311860072745,512.853489372786,6.99724659470102,0.253116044216716,14030.4094576839,14.6149856000608,0.370123479512512
"bin_m9.cct137_sub",94.5773231533874,149.015091795808,53.4329024381102,71.9591483458784,73.3265754858462,96.2838057299368,225.419768606301,106.134419016514,134.313058343876,278.212314853368,156.381931186277,97.761540573013,61.3167054272563,34.0387011361518,87.8508335325384,15.5097562631392,30.9844337289569,19.6708305555855,138.834435307776,27.2603564372286,79.9388446580752,17.116911477094,14.8658751971108,46.118938342631,52.312362001206,60.9607461991687,114.208428387945,143.401490214188,104.302707141974,116.824985698331,62.8780827531399,51.9334760133312,82.6327739990783,113.937094378916,78.9166158408697,77.5078168842119,114.975191777684,81.7799751828512,181.209389754398,257.019799802451,263.992879015977,46.540935507512,47.2278546014094,42.717729509498,179.640599940695,85.7298320289988,46.5233905224149,48.2692595663303,49.8239767965407,236.686640779477,56.6340541591521,169.304728702946,96.3253810589049,87.849897235359,49.3437663976241,179.296099685111,65.9090407434122,130.746285732768,41.6962044256342,74.3645373362697,23.2499926038562,42.8962038274944,50.5454209788351,74.7597160382603,238.652140132122,74.6451302983117,130.357570020739,165.139621925334,90.3480726103773,41.7506397933624,68.4881107881861,26.5563626668519,24.0289409719463,49.8188862802278,19.0718187999834,15.5607212784559,6.44425167874754,3.62638492982779,15.346263293309,13.3935890110056,17.3404753762467,5.68037668785639,4.76533201838207,6.53192089553351,5.7402899428335,4.95341660533542,153.131391593943,5.28333203573404,71.2063818115917,13.4563396745968,21.7074677689068,9.75097049327546,35.5740333077873,56.6466351904687,93.6347377153024,44.0800839980907,54.3040065925525,90.9319736621676,173.973400917856,209.700567517371,75.2063522242541,91.874966807352,108.414122104092,79.8715846336505,52.9229445242125,84.1153368144563,43.526046900997,144.038362962372,18.8123758828938,55.2710590063442,68.7661445334038,22.8608424389266,7.75743676268526,5.23996704228384,2214.67038452923,4.74165956827147,24.4231909990041,9.46022050503564,11.2468382056991,16.7595859566256,9.65285368240346,1738.06011521609,90.527797892513,10.4305963328056,14076.9697638144,492.370753032447,649.820059936025
"bin_m9.cct6",79.6046765363238,68.2936522045712,57.3575675976364,90.3664413617158,85.3595623537701,90.7887431099832,110.094834984322,74.3834404152872,90.9544906470626,222.162657165779,137.115727458233,51.3065423834792,52.6837159536716,39.9718408575758,77.6837059424366,683.444768338121,62.3185098977441,10.9791829537969,45.4633090178019,30.7742011444089,99.9095576029235,28.579861761557,58.8319022210108,58.8885495969672,54.4871166271322,67.6809966773227,83.6928859025558,163.368213886279,524.842330069462,150.297906817231,83.4282392518238,62.4737754292541,87.0936927036708,142.920955934059,104.310174817011,91.1872890895586,46.5759665838191,59.9539044778601,132.605056706774,56.9926646987562,223.366158116199,18.8498067960398,18.3936802426141,18.07396073848,37.472495797613,466.015117597527,234.547944087761,19.7425002826939,59.1821049660365,39.7806168330755,92.4276933381939,103.455464264546,107.790445015725,98.3979135813948,54.0426044567318,190.268955889847,7647.86158035334,1000.77366473149,175.801087127727,1043.66783936364,80.3085509037315,98.9685718406729,26.5723113773675,144.781496250925,223.521947835,102.666192357392,170.061975032842,141.710404077568,71.5855141141567,258.489188392012,71.6905689639257,25.9191034237706,124.528982019857,66.9337697269603,61.2385306570948,61.7094435959735,3.2742220503082,32.232385802563,66.6659995994182,345.235081033982,4.71052183009127,978.625056503618,42.6475254573683,9465.2374156977,78.7468570067237,1267.76368605023,130.091536860709,120.207720280731,89.3440693581022,322.248371796557,284.017319850986,128.155285002351,554.890281369329,71.3557949939904,90.9636883802094,36.6030576191939,158.161523027652,52.3729951091226,68.1541475671041,219.692587892555,76.0495173236406,87.1173058365657,83.1462096647111,345.403210914501,82.7224707518908,96.7607520929449,55.4573494685103,139.234128796218,25.3476558317443,258.527800363174,54.0399601185239,46.5906388152193,26.4779674398507,5.46090121662717,403.394410690138,0.788453020752289,651.655099497533,31.374870908489,20.8353630585887,69.3667789741108,25.524525258236,879.180588131104,67.898470427632,1.55291206289558,11465.2149246044,2760.41777477467,264.869513786257
"bin_m9.mtb140",191.277793408923,422.500127639401,87.9670082959478,109.497698512297,567.632124209295,153.696826027179,553.085163286434,540.276331231887,268.137793053459,318.507097441176,431.427262626426,565.112600577066,131.906549665428,146.25637878945,195.469686273601,250.46564391753,273.578970620786,159.60658099981,532.226664263365,180.689479514546,154.230412529784,317.934802331167,347.206126930411,56.821992430785,574.313608501072,332.68371916062,244.368607577943,348.839767535177,46484.1616801784,356.842501472225,200.735061928485,357.96118979989,226.013137174181,203.344835814071,347.730180320492,465.630492948081,548.479481991318,228.309834773415,184.442461462228,535.533980111152,429.963954229615,207.533190295088,685.431424320028,236.24354394879,317.913684670414,545.411713527018,313.531346934626,571.714170798837,212.619677412843,184.617626803683,247.385453601758,512.62585993869,1505.87242199711,875.1084183125,470.535675315791,1110.68263192819,271.838586877435,704.58908990531,382.391920770656,830.34398963421,393.959796986495,249.585212263796,502.285272373589,356.13886111268,314.599069810249,245.32278777515,239.641305793444,327.790705587101,421.845918523104,517.456749478787,355.145626170785,114.534232681564,1676.83136919995,2508.40987938474,878.862263919085,158.971765028888,894.686582664834,261.922401813565,216.375920572981,406.158972076724,423.716476880365,399.552015946738,779.888859149617,239.148326323891,61.4104699598213,393.157050147415,299.143913572327,160.468351972118,413.125764153285,227.613316387011,649.813793402468,317.220721439615,259.577735799128,384.83232608294,562.861822408199,344.409024885571,97.3095906974636,564.850122803446,548.576988719216,482.451736515884,564.665568855837,289.803803203621,545.083557849935,267.338767554728,102.847777175386,468.246357995082,596.47172464998,554.036737165823,612.400440306815,555.552287825405,669.632189822724,143.732818900498,317.891487024562,187.933203241298,725.40156746019,42.6655154880404,1044.92218879946,473.66058863294,154.926761309867,1061.22025065433,647.141071014434,5264.73131340522,453.747031880351,8.59849616696359,20533.7838335685,52832.0206264416,5.28443269490791
"bin_m9.mtb16",258.118669683872,201.127406872758,92.3052349981433,122.587594154106,161.781169221146,128.629769224784,345.320075856306,118.312705071931,233.752796601261,219.38352945418,179.333317505086,147.796611264209,105.241040677076,78.8037106423487,83.8051533829348,192.931618906149,75.9374752722373,22.658339599802,34.6581274244816,56.3917056856969,46.5305738741955,40.6807579996637,29.9492690109938,197.867108880773,124.491848996825,247.228713595637,286.407548557294,202.414882889396,1335.63412882129,75.8153264120993,113.717372496108,70.3151092391961,68.3002909151866,126.497512266767,83.7830197155199,241.121604255909,130.65907681377,154.81054708997,237.459615609786,244.275066060064,169.095595142479,253.935694623604,325.909120717464,189.704860321979,223.316254844058,305.17090932472,179.925319540662,114.141548100998,97.6879432827175,145.888849375926,356.369298705582,387.094468537104,381.809503950655,203.471288867613,200.361979895479,744.982360780189,741.699622650352,373.969649250016,100.044486591876,201.660109513257,97.2043878831885,129.381768729706,135.32004822203,288.039205278595,148.870007615074,512.115291393489,169.932233008794,152.687709250422,94.7330151292359,361.071923284517,201.936650507661,117.670775377751,416.570244307219,275.517902753326,255.100409085921,64.959396680986,69.0799162339115,80.3641453979969,83.874731494829,214.736041035586,186.5647769978,62.8826207762507,46.2994213393315,96.9777751839875,28.3972164196028,26.6860566893664,450.226596802297,74.4451270657561,235.998687924434,124.823486573387,92.9537686820105,133.539256705595,222.930804421491,275.857018220075,516.309325528813,162.222894033817,383.87116916542,240.289036166639,341.175566068752,181.259268780837,234.242894561528,258.722115855946,209.154481631403,188.72336190262,230.130032141591,279.510966669554,263.532104170215,198.892146147834,122.35948796478,192.268642366332,76.3026069856374,84.1555278299576,173.658835022251,118.357581415677,21663.4606490921,43.3714515715232,573.313393274588,265.336359023243,245.549421238636,327.568411108936,266.192865386672,1228.8869127212,132.867024302879,3.33659595913243,24809.8679261836,187.098528217767,92.1588386203256
